-0.12501536436957977 -0.23146897665708524 
-0.06823609712507553 -0.28472582464389157 
-0.08344828683639721 -0.24337706470882953 
-0.0015181402796905774 -0.33517088806138107 
-0.12374193403953052 -0.09354947646703023 
0.01770171921905994 -0.33341344665519335 
0.026573917221063448 -0.34376863671616037 
-0.14721314854112924 0.0021328237303914477 
-0.04207933883320905 -0.169866819200019 
0.032482436820247276 -0.2789310460939206 
0.09911638651490276 -0.3892838498442936 
0.08314186625119008 -0.35662419943080387 
0.08049160244319979 -0.3470316100172563 
-0.030710733176241164 -0.14450836100682812 
0.006602593189252215 -0.20410106349844515 
0.1329988341237043 -0.41791483125125145 
0.1393332513984518 -0.4138677323387809 
-0.10513010466796302 0.019358077657306225 
0.04511563233720972 -0.23574413140622855 
0.046006663403989956 -0.2272778292605129 
0.023235076852441555 -0.18285104248161493 
-0.07210168908281761 -0.012798827756461642 
-0.10643792130476777 0.05164876753871951 
0.06852478537460843 -0.24624366018378618 
0.04371518559505752 -0.19328421716830724 
0.027117729754503342 -0.15954613562451128 
0.015062275745741961 -0.1336712045434801 
0.008907934451659896 -0.11801232772479264 
0.18241537113843762 -0.413385380215952 
-0.2733255041821793 0.38060135599249156 
0.042646798233356535 -0.16140802919267336 
-0.11400735396002368 0.11980177384448672 
0.12842956138219205 -0.29490255196183934 
-0.04912799219167889 0.01749095814633678 
0.11583084212599737 -0.26308268448900096 
0.0463906784943306 -0.1378628780121634 
-0.19932590301850844 0.2925280948729841 
0.22245875121907083 -0.4326644932276536 
0.27905611856157664 -0.5256418840897111 
0.21319470279520214 -0.4066176349849816 
0.07602592842196024 -0.16414550747928294 
0.1808206879706451 -0.34056261520303344 
0.09455493286277387 -0.1862142080998527 
-0.22153404686562403 0.36600603216278854 
-0.20343891238352596 0.3396840195558954 
-0.15654525126580235 0.2635057637267301 
-0.16617892386149474 0.28518808715498684 
0.1337693095421364 -0.22908029960424797 
0.011972835587109562 -0.013220823441215002 
-0.1276735101620376 0.2335404957540638 
0.17804096834705635 -0.29071046136700157 
-0.15250633786368653 0.28654015113694337 
-0.01977874628178639 0.061765497718056915 
0.2269097750814723 -0.3602992429647783 
-0.034057569966680086 0.09649397562419476 
-0.16918980068457726 0.33544042221231324 
0.04270930942536984 -0.026396607138264867 
0.22314259991753863 -0.3337597539912766 
-0.1086902682011954 0.2457164337295201 
0.05099662263878561 -0.0257303775368509 
0.11243676147852072 -0.1270916137494232 
-0.05156811288474074 0.16183938803022932 
-0.11355876263700919 0.2741625355717612 
-0.05994630764468257 0.18635264921472933 
0.15616766037646218 -0.18278117638611374 
-0.08085973694272297 0.2325670102466971 
0.19781737261825372 -0.24487663414538613 
-0.09750157801430376 0.27138636304583696 
-0.1910738822828252 0.43838392740202237 
0.100201128013398 -0.04585601151838631 
0.03521541459284777 0.07165221457252308 
0.11115891869504516 -0.05481736538331125 
0.02118647506934134 0.10594809098882965 
-0.03306392781372794 0.20487126028168845 
-0.09764023357098232 0.32667514768344214 
-0.14101037861015425 0.4067623262240743 
-0.1595847082382274 0.44392278772561305 
0.23129208770033594 -0.22776186504443696 
-0.14370200180295634 0.42643537970630196 
0.09133211622549417 0.024546836737411083 
-0.05578419946974761 0.28424022857681025 
0.005700636805379758 0.19281047416680044 
-0.0957250671637739 0.38341277023825876 
-0.09632625364567189 0.38945798034162565 
-0.07824354016455513 0.3681619022553984 
0.11855955166375132 0.03245922236859787 
-0.08300349928031908 0.3864112445042515 
0.08781250887287877 0.10070204613393373 
-0.18534909371693253 0.5836104936074956 
-0.09774580751705686 0.4369554041797487 
-0.17697092135142817 0.579114995923947 
-0.13078614352813583 0.5091683957947537 
0.049159953223025896 0.20765311388619356 
-0.06661390634372855 0.41308619110268435 
-0.06945406916398977 0.42300753522869455 
0.04691162615751587 0.2315631606951425 
0.15564378410942883 0.048329596874937396 
-0.09900149469410138 0.494178003031413 
-0.11928081394422169 0.5342901564151005 
-0.08988832561475354 0.48841007306698464 
-0.03095853421721878 0.3913947707361799 
-0.01351683464062653 0.36620398994510206 
-0.14129760163787813 0.592423522829142 
-0.0005708055506534193 0.3538005815985865 
0.05346613102359378 0.265255829279161 
-0.027164809148973373 0.40984919899860667 
-0.06967469508938429 0.4934515211830493 
-0.1254922701897176 0.6050966541132603 
0.14437393116582048 0.1629242503029153 
-0.05283957061854144 0.5143507287877574 
-0.0520032478254909 0.5479338982557113 
0.011408341137615019 0.44315967157682284 
-0.0024417978582161604 0.477146007067344 
0.021974122364705334 0.4448858300294104 
0.0825430782197488 0.365050517607478 
0.015448242531162837 0.48621007329976373 
-0.031508336472721415 0.5725061154502493 
0.12351635600068572 0.31413497104680993 
0.02520272459473083 0.4993496218196279 
0.16656291227082368 0.27464344147445796 
-0.04671720019169459 0.6488801356805023 
-0.021622434565618465 0.6204491671497114 
0.0819267915013367 0.5162503736664644 
0.012424554365706164 0.6415776422975443 
0.12483234405360341 0.47199851969288736 
0.15706276443790831 0.44622754123526237 
0.029272697036306916 0.697485330969253 
0.08879265438507011 0.6194660532816882 
0.11985696417494626 0.5706916990422551 
0.034964298839534724 0.7276674331615671 
0.20080236536067697 0.5556691426175469 
0.1571278222874907 0.6412877286899611 
0.2528841416478521 0.4955313355819254 
0.30941536578863654 0.40767288355080356 
0.20848345715548006 0.6074291794915825 
0.2104922403703524 0.6890268877829859 
0.3454851820411115 0.4703393042561417 
0.2549907054184126 0.6470218019414358 
0.20978822101052408 0.7402900036457862 
0.25275688589739487 0.6859200267201647 
0.29102476117319764 0.649696957316274 
0.2324357278033805 0.7811533548619091 
0.23711629247790172 0.7830591856461215 
0.23658083547384995 0.7989994667093256 
0.31940301085201983 0.6906480622670792 
0.22448351084393225 0.8649823340128281 
0.37381672174032027 0.6114598975606453 
0.3535214239612843 0.6515997131033743 
0.2940702138724526 0.7595265620734383 
0.48108016135634823 0.4407778532186751 
0.3662095234955871 0.6446472656814999 
0.3669527263631307 0.6583739203893211 
0.5302863619596655 0.3806138349803976 
0.4023926564335216 0.6220421815116178 
0.34330396070677327 0.7293414426735878 
0.36957621564619203 0.6888631327138408 
0.5529497512838648 0.3764098095833377 
0.4522278959661757 0.5557847347867412 
0.5314974243972884 0.4235571144976745 
0.47428898932555047 0.527601253141623 
0.4305217864202116 0.608375821485192 
0.3915935728090134 0.6807730922589544 
0.3855978613563035 0.6961573478078174 
0.31524197620875477 0.8229624588107272 
0.31209448556432284 0.8334158513621555 
0.48871453783298474 0.5376586446768769 
0.4330498216432779 0.6390302846536831 
0.33776244090250757 0.8089970033290153 
0.615391904816677 0.33336705158999164 
0.5554296223638673 0.44217867318766446 
0.6704089712090675 0.24812992175135412 
0.41455406440286835 0.6960724457310283 
0.5224852047637484 0.5142256100705357 
0.4599092065683166 0.6275621175912558 
0.5294611503935274 0.5121576587012009 
0.6118741851786499 0.3744879746795272 
0.43400353491673915 0.6874235203171073 
0.5202216101200727 0.5431665194176933 
0.5491921971898962 0.4980168349570884 
0.7369048023615064 0.17805167940614783 
0.6590431410496321 0.31785085106900923 
0.3686297465916077 0.8256213095664133 
0.4371868970212097 0.7119390450828609 
0.7534951715326755 0.16934802227635085 
0.5434089124137093 0.5380554916325581 
0.5608502968089875 0.5128652564859306 
0.6915000817855427 0.2916877187388151 
0.5903857826135298 0.47174204593037555 
0.6801947007124255 0.32126854864421084 
0.37831227459488376 0.8488942879056482 
0.5878734571970468 0.491104697645927 
0.5279289210993963 0.5998855966094067 
0.8665367179569807 0.028698321959332418 
0.7292258398361036 0.2714164606271487 
0.874447158750502 0.02501256497226434 
0.6271326104110195 0.458169951006885 
0.6484012410579109 0.42635395606336945 
0.8613068969611408 0.06277438645997852 
0.36058229327734637 0.9346373185827239 
0.6769780923728683 0.3918947725053937 
0.6760856041990485 0.39844428646386004 
0.8048784302997748 0.18048153100538245 
0.7618756569558658 0.25993271268326723 
0.7597943862461766 0.2685402566234957 
0.7481523048414593 0.29369955369486306 
0.8106559176901591 0.19049722264010174 
0.6072240472396877 0.5476845602843758 
0.6964476481060741 0.3982243689452616 
0.8634350470893583 0.11413885868418416 
0.5888719690312184 0.5944691206888602 
0.45726706390823313 0.8273090325570214 
0.8686991905278753 0.12003882435503677 
0.9506339556065232 -0.01680287526613139 
0.7885598746608925 0.2687855212664078 
0.7240926581570732 0.3853961212836776 
1.0623520491784586 -0.1951968527186667 
0.7398756415999943 0.3680813545187044 
0.5329015141938473 0.7314010761759676 
0.7716147252946344 0.32314325739749794 
0.7376982507374764 0.3868641648139878 
0.6585183884850975 0.5289454166518929 
0.866600228130739 0.17371687693418983 
0.6579457530450454 0.5399456301425959 
0.9040074950711182 0.11896597493919558 
1.1592947366922206 -0.3179849400955243 
0.708341462113692 0.4677134628218189 
0.9195041076854382 0.1071514068615706 
0.6098607157184994 0.6482129932384856 
1.0115336258265792 -0.04216198007126076 
0.7612914191475209 0.3960637918601947 
0.7361890528788424 0.4445256434167127 
0.9868649435218254 0.015557936650153703 
1.0074349074125197 -0.015048520730243153 
0.7841795480948996 0.37645740185344084 
1.0800302153392716 -0.13071724508916538 
0.871407533705029 0.23545646703785214 
0.7972891680195711 0.36877521490803966 
0.7839315664423235 0.39690443443608503 
1.1080454529652568 -0.15919972728430892 
0.8844627616149208 0.23287287517310606 
1.0893816554632494 -0.11687994708984967 
0.688642622537963 0.5818871528215604 
1.168543788058466 -0.24391721165262992 
0.9692424411734213 0.10611933004576801 
1.055231901884603 -0.03774189158795421 
0.9484774978732763 0.1520766309121293 
0.802096387270471 0.4104972297239358 
0.8897271201732425 0.26379462434120543 
1.2031326841641605 -0.27377120243540576 
1.2317951911214382 -0.31838753610284737 
0.8658223596908221 0.32019203339898333 
0.9383831298865748 0.1995786698576132 
1.011078704332476 0.07873193210346374 
0.9417197754195153 0.20381110437546324 
1.0989457180345328 -0.06337529333525665 
1.2147294949469898 -0.25881667717541895 
1.086126179547826 -0.031173141816992767 
0.9326318099263832 0.2395619887840033 
0.8564274474950119 0.376492031163836 
1.1769651000299395 -0.17342092522922714 
1.1235188543950585 -0.07588991949605 
1.1924199986686743 -0.19016770891638513 
0.9881281089011242 0.16850850115496274 
1.1422437005713353 -0.09329323173686127 
0.8240937245604107 0.46249502203014903 
1.0663254203903891 0.04814597391026537 
0.9669098149120459 0.22525950878202186 
1.2751198793890566 -0.3033118270366344 
1.319915165538338 -0.3758573590767719 
1.1987541942118947 -0.16109807022609413 
1.1808874999238113 -0.12516267277278248 
1.2704029548672895 -0.27512812426068894 
1.2826498028248385 -0.29132553573466324 
1.1571135705966045 -0.06899175967356247 
1.109922323923149 0.017710541052528783 
1.2613401654409326 -0.23942082486343863 
1.1501570897466609 -0.04193534997477838 
1.1629997675193446 -0.05916426686423054 
1.418302342906888 -0.4961417278399589 
1.0752764298692663 0.10271195015784212 
1.352666344880638 -0.37250329257496684 
1.3497918716004693 -0.36252254990208443 
1.2464134728102962 -0.17854859506183657 
1.1976596871610945 -0.0891412141695006 
1.5054251615953547 -0.6169428720950467 
1.2182094523045666 -0.11470827213176554 
1.4348951171976976 -0.4848318240008932 
