1.666700000000000126e-02 1.032000000000000028e+01
3.333300000000000152e-02 1.036999999999999922e+01
5.000000000000000278e-02 1.448000000000000043e+01
6.666700000000000403e-02 1.771000000000000085e+01
8.333300000000000429e-02 1.805000000000000071e+01
1.000000000000000056e-01 2.323000000000000043e+01
1.166670000000000068e-01 2.430000000000000071e+01
1.333330000000000071e-01 2.075000000000000000e+01
1.499999999999999944e-01 1.860999999999999943e+01
1.666670000000000096e-01 1.798000000000000043e+01
1.833329999999999960e-01 2.132000000000000028e+01
2.000000000000000111e-01 2.518000000000000327e+01
2.166669999999999985e-01 2.688999999999999702e+01
2.333330000000000126e-01 2.720000000000000284e+01
2.500000000000000000e-01 2.703999999999999915e+01
2.666669999999999874e-01 3.019999999999999929e+01
2.833330000000000015e-01 3.303000000000000114e+01
2.999999999999999889e-01 3.314000000000000057e+01
3.166669999999999763e-01 3.155000000000000071e+01
3.333329999999999904e-01 3.151999999999999957e+01
3.499999999999999778e-01 3.330000000000000426e+01
3.666670000000000207e-01 3.352000000000000313e+01
3.833329999999999793e-01 3.203999999999999915e+01
4.000000000000000222e-01 3.410999999999999943e+01
4.166670000000000096e-01 3.573000000000000398e+01
4.333330000000000237e-01 3.649000000000000199e+01
4.500000000000000111e-01 3.948999999999999488e+01
4.666669999999999985e-01 4.812000000000000455e+01
4.833330000000000126e-01 5.253000000000000114e+01
5.000000000000000000e-01 5.301000000000000512e+01
5.166669999999999874e-01 5.499000000000000909e+01
5.333329999999999460e-01 5.842000000000000171e+01
5.500000000000000444e-01 6.251999999999999602e+01
5.666670000000000318e-01 6.189000000000000057e+01
5.833329999999999904e-01 6.089999999999999858e+01
5.999999999999999778e-01 6.207999999999999829e+01
6.166669999999999652e-01 6.736999999999999034e+01
6.333330000000000348e-01 6.965999999999999659e+01
6.500000000000000222e-01 7.070000000000000284e+01
6.666670000000000096e-01 6.998000000000000398e+01
6.833329999999999682e-01 7.089999999999999147e+01
6.999999999999999556e-01 7.371999999999999886e+01
7.166670000000000540e-01 7.420000000000000284e+01
7.333330000000000126e-01 7.411999999999999034e+01
7.500000000000000000e-01 7.650000000000000000e+01
7.666669999999999874e-01 7.610999999999999943e+01
7.833329999999999460e-01 7.673000000000000398e+01
8.000000000000000444e-01 7.850000000000000000e+01
8.166670000000000318e-01 7.954999999999999716e+01
8.333329999999999904e-01 7.625000000000000000e+01
8.499999999999999778e-01 7.901999999999999602e+01
8.666669999999999652e-01 8.012999999999999545e+01
8.833330000000000348e-01 7.828000000000000114e+01
9.000000000000000222e-01 8.151000000000000512e+01
9.166670000000000096e-01 8.117999999999999261e+01
9.333329999999999682e-01 8.096999999999999886e+01
9.499999999999999556e-01 8.325000000000000000e+01
9.666670000000000540e-01 8.318999999999999773e+01
9.833330000000000126e-01 8.245999999999999375e+01
1.000000000000000000e+00 8.187999999999999545e+01
1.016666999999999987e+00 8.348999999999999488e+01
1.033333000000000057e+00 8.503000000000000114e+01
1.050000000000000044e+00 8.528999999999999204e+01
1.066667000000000032e+00 8.509000000000000341e+01
1.083333000000000101e+00 8.601999999999999602e+01
1.100000000000000089e+00 8.631999999999999318e+01
1.116667000000000076e+00 8.631999999999999318e+01
1.133332999999999924e+00 8.629999999999999716e+01
1.149999999999999911e+00 8.679000000000000625e+01
1.166666999999999899e+00 8.728000000000000114e+01
1.183332999999999968e+00 8.748000000000000398e+01
1.199999999999999956e+00 8.820999999999999375e+01
1.216666999999999943e+00 8.857000000000000739e+01
1.233333000000000013e+00 8.864999999999999147e+01
1.250000000000000000e+00 8.859999999999999432e+01
1.266666999999999987e+00 8.905999999999998806e+01
1.283333000000000057e+00 8.951999999999999602e+01
1.300000000000000044e+00 8.957000000000000739e+01
1.316667000000000032e+00 8.931000000000000227e+01
1.333333000000000101e+00 8.904999999999999716e+01
1.350000000000000089e+00 8.999000000000000909e+01
1.366667000000000076e+00 8.988000000000000966e+01
1.383332999999999924e+00 8.995000000000000284e+01
1.399999999999999911e+00 8.943999999999999773e+01
1.416666999999999899e+00 8.934000000000000341e+01
1.433332999999999968e+00 8.999000000000000909e+01
1.449999999999999956e+00 9.057999999999999829e+01
1.466666999999999943e+00 9.031999999999999318e+01
1.483333000000000013e+00 9.049000000000000909e+01
1.500000000000000000e+00 9.096999999999999886e+01
1.516666999999999987e+00 9.125000000000000000e+01
1.533333000000000057e+00 9.093999999999999773e+01
1.550000000000000044e+00 9.071999999999999886e+01
1.566667000000000032e+00 9.090000000000000568e+01
1.583333000000000101e+00 9.131000000000000227e+01
1.600000000000000089e+00 9.132000000000000739e+01
1.616667000000000076e+00 9.136999999999999034e+01
1.633332999999999924e+00 9.153999999999999204e+01
1.649999999999999911e+00 9.147999999999998977e+01
1.666666999999999899e+00 9.209000000000000341e+01
1.683332999999999968e+00 9.217999999999999261e+01
1.699999999999999956e+00 9.165999999999999659e+01
1.716666999999999943e+00 9.126999999999999602e+01
1.733333000000000013e+00 9.165999999999999659e+01
1.750000000000000000e+00 9.225000000000000000e+01
1.766666999999999987e+00 9.199000000000000909e+01
1.783333000000000057e+00 9.140000000000000568e+01
1.800000000000000044e+00 9.189000000000000057e+01
1.816667000000000032e+00 9.256999999999999318e+01
1.833333000000000101e+00 9.219000000000001194e+01
1.850000000000000089e+00 9.175000000000000000e+01
1.866667000000000076e+00 9.212000000000000455e+01
1.883332999999999924e+00 9.246999999999999886e+01
1.899999999999999911e+00 9.256999999999999318e+01
1.916666999999999899e+00 9.290999999999999659e+01
1.933332999999999968e+00 9.290000000000000568e+01
1.949999999999999956e+00 9.236999999999999034e+01
1.966666999999999943e+00 9.235999999999999943e+01
1.983333000000000013e+00 9.300000000000000000e+01
2.000000000000000000e+00 9.320000000000000284e+01
2.016666999999999987e+00 9.320000000000000284e+01
2.033332999999999835e+00 9.326999999999999602e+01
2.049999999999999822e+00 9.321000000000000796e+01
2.066666999999999810e+00 9.352000000000001023e+01
2.083333000000000101e+00 9.357999999999999829e+01
2.100000000000000089e+00 9.362000000000000455e+01
2.116667000000000076e+00 9.335999999999999943e+01
2.133332999999999924e+00 9.321999999999999886e+01
2.149999999999999911e+00 9.347999999999998977e+01
2.166666999999999899e+00 9.378000000000000114e+01
2.183333000000000190e+00 9.375000000000000000e+01
2.200000000000000178e+00 9.326999999999999602e+01
2.216667000000000165e+00 9.328000000000000114e+01
2.233333000000000013e+00 9.373999999999999488e+01
2.250000000000000000e+00 9.402000000000001023e+01
2.266666999999999987e+00 9.373999999999999488e+01
2.283332999999999835e+00 9.347999999999998977e+01
2.299999999999999822e+00 9.356999999999999318e+01
2.316666999999999810e+00 9.408999999999998920e+01
2.333333000000000101e+00 9.423999999999999488e+01
2.350000000000000089e+00 9.423000000000000398e+01
2.366667000000000076e+00 9.428000000000000114e+01
2.383332999999999924e+00 9.434999999999999432e+01
2.399999999999999911e+00 9.415999999999999659e+01
2.416666999999999899e+00 9.415000000000000568e+01
2.433333000000000190e+00 9.432999999999999829e+01
2.450000000000000178e+00 9.456999999999999318e+01
2.466667000000000165e+00 9.476000000000000512e+01
2.483333000000000013e+00 9.500999999999999091e+01
2.500000000000000000e+00 9.493000000000000682e+01
2.516666999999999987e+00 9.476000000000000512e+01
2.533332999999999835e+00 9.473000000000000398e+01
2.549999999999999822e+00 9.475000000000000000e+01
2.566666999999999810e+00 9.476000000000000512e+01
2.583333000000000101e+00 9.476999999999999602e+01
2.600000000000000089e+00 9.484000000000000341e+01
2.616667000000000076e+00 9.495000000000000284e+01
2.633332999999999924e+00 9.482999999999999829e+01
2.649999999999999911e+00 9.495999999999999375e+01
2.666666999999999899e+00 9.514000000000000057e+01
2.683333000000000190e+00 9.534999999999999432e+01
2.700000000000000178e+00 9.528999999999999204e+01
2.716667000000000165e+00 9.530999999999998806e+01
2.733333000000000013e+00 9.535999999999999943e+01
2.750000000000000000e+00 9.548000000000000398e+01
2.766666999999999987e+00 9.539000000000000057e+01
2.783332999999999835e+00 9.524000000000000909e+01
2.799999999999999822e+00 9.514000000000000057e+01
2.816666999999999810e+00 9.520999999999999375e+01
2.833333000000000101e+00 9.552000000000001023e+01
2.850000000000000089e+00 9.552000000000001023e+01
2.866667000000000076e+00 9.550000000000000000e+01
2.883332999999999924e+00 9.554000000000000625e+01
2.899999999999999911e+00 9.560999999999999943e+01
2.916666999999999899e+00 9.556000000000000227e+01
2.933333000000000190e+00 9.570000000000000284e+01
2.950000000000000178e+00 9.565999999999999659e+01
2.966667000000000165e+00 9.564000000000000057e+01
2.983333000000000013e+00 9.560999999999999943e+01
3.000000000000000000e+00 9.557999999999999829e+01
3.016666999999999987e+00 9.539000000000000057e+01
3.033332999999999835e+00 9.548000000000000398e+01
3.049999999999999822e+00 9.564000000000000057e+01
3.066666999999999810e+00 9.573000000000000398e+01
3.083333000000000101e+00 9.576000000000000512e+01
3.100000000000000089e+00 9.576999999999999602e+01
3.116667000000000076e+00 9.568999999999999773e+01
3.133332999999999924e+00 9.570000000000000284e+01
3.149999999999999911e+00 9.579999999999999716e+01
3.166666999999999899e+00 9.600999999999999091e+01
3.183333000000000190e+00 9.600999999999999091e+01
3.200000000000000178e+00 9.578000000000000114e+01
3.216667000000000165e+00 9.548000000000000398e+01
3.233333000000000013e+00 9.546999999999999886e+01
3.250000000000000000e+00 9.563000000000000966e+01
3.266666999999999987e+00 9.571999999999999886e+01
3.283332999999999835e+00 9.575000000000000000e+01
3.299999999999999822e+00 9.589000000000000057e+01
3.316666999999999810e+00 9.621999999999999886e+01
3.333333000000000101e+00 9.615000000000000568e+01
3.350000000000000089e+00 9.609000000000000341e+01
3.366667000000000076e+00 9.593000000000000682e+01
3.383332999999999924e+00 9.578000000000000114e+01
3.399999999999999911e+00 9.578000000000000114e+01
3.416666999999999899e+00 9.567000000000000171e+01
3.433333000000000190e+00 9.573000000000000398e+01
3.450000000000000178e+00 9.592000000000000171e+01
3.466667000000000165e+00 9.613000000000000966e+01
3.483333000000000013e+00 9.620999999999999375e+01
3.500000000000000000e+00 9.626000000000000512e+01
3.516666999999999987e+00 9.631999999999999318e+01
3.533332999999999835e+00 9.639000000000000057e+01
3.549999999999999822e+00 9.615999999999999659e+01
3.566666999999999810e+00 9.589000000000000057e+01
3.583333000000000101e+00 9.589999999999999147e+01
3.600000000000000089e+00 9.620999999999999375e+01
3.616667000000000076e+00 9.643999999999999773e+01
3.633332999999999924e+00 9.612000000000000455e+01
3.649999999999999911e+00 9.598000000000000398e+01
3.666666999999999899e+00 9.615000000000000568e+01
3.683333000000000190e+00 9.635999999999999943e+01
3.700000000000000178e+00 9.643999999999999773e+01
3.716667000000000165e+00 9.628999999999999204e+01
3.733333000000000013e+00 9.635000000000000853e+01
3.750000000000000000e+00 9.648000000000000398e+01
3.766666999999999987e+00 9.639999999999999147e+01
3.783332999999999835e+00 9.653000000000000114e+01
3.799999999999999822e+00 9.659000000000000341e+01
3.816666999999999810e+00 9.661999999999999034e+01
3.833333000000000101e+00 9.639999999999999147e+01
3.850000000000000089e+00 9.620999999999999375e+01
3.866667000000000076e+00 9.621999999999999886e+01
3.883332999999999924e+00 9.635999999999999943e+01
3.899999999999999911e+00 9.667000000000000171e+01
3.916666999999999899e+00 9.678999999999999204e+01
3.933333000000000190e+00 9.660999999999999943e+01
3.950000000000000178e+00 9.639000000000000057e+01
3.966667000000000165e+00 9.650999999999999091e+01
3.983333000000000013e+00 9.657999999999999829e+01
4.000000000000000000e+00 9.639000000000000057e+01
4.016666999999999987e+00 9.629999999999999716e+01
4.033332999999999835e+00 9.625000000000000000e+01
4.049999999999999822e+00 9.665999999999999659e+01
4.066666999999999810e+00 9.667999999999999261e+01
4.083332999999999657e+00 9.663000000000000966e+01
4.099999999999999645e+00 9.678999999999999204e+01
4.116666999999999632e+00 9.696999999999999886e+01
4.133333000000000368e+00 9.704999999999999716e+01
4.150000000000000355e+00 9.685000000000000853e+01
4.166667000000000343e+00 9.670000000000000284e+01
4.183333000000000190e+00 9.689999999999999147e+01
4.200000000000000178e+00 9.700999999999999091e+01
4.216667000000000165e+00 9.687999999999999545e+01
4.233333000000000013e+00 9.676000000000000512e+01
4.250000000000000000e+00 9.670999999999999375e+01
4.266666999999999987e+00 9.679999999999999716e+01
4.283332999999999835e+00 9.678999999999999204e+01
4.299999999999999822e+00 9.684000000000000341e+01
4.316666999999999810e+00 9.693000000000000682e+01
4.333332999999999657e+00 9.704000000000000625e+01
4.349999999999999645e+00 9.707999999999999829e+01
4.366666999999999632e+00 9.704000000000000625e+01
4.383333000000000368e+00 9.681000000000000227e+01
4.400000000000000355e+00 9.673000000000000398e+01
4.416667000000000343e+00 9.664000000000000057e+01
4.433333000000000190e+00 9.668999999999999773e+01
4.450000000000000178e+00 9.673000000000000398e+01
4.466667000000000165e+00 9.684000000000000341e+01
4.483333000000000013e+00 9.687999999999999545e+01
4.500000000000000000e+00 9.696999999999999886e+01
4.516666999999999987e+00 9.693999999999999773e+01
4.533332999999999835e+00 9.704000000000000625e+01
4.549999999999999822e+00 9.703000000000000114e+01
4.566666999999999810e+00 9.692000000000000171e+01
4.583332999999999657e+00 9.678000000000000114e+01
4.599999999999999645e+00 9.675000000000000000e+01
4.616666999999999632e+00 9.696000000000000796e+01
4.633333000000000368e+00 9.695000000000000284e+01
4.650000000000000355e+00 9.693000000000000682e+01
4.666667000000000343e+00 9.700999999999999091e+01
4.683333000000000190e+00 9.709999999999999432e+01
4.700000000000000178e+00 9.706000000000000227e+01
4.716667000000000165e+00 9.687000000000000455e+01
4.733333000000000013e+00 9.693000000000000682e+01
4.750000000000000000e+00 9.707999999999999829e+01
4.766666999999999987e+00 9.709999999999999432e+01
4.783332999999999835e+00 9.696999999999999886e+01
4.799999999999999822e+00 9.711999999999999034e+01
4.816666999999999810e+00 9.717000000000000171e+01
4.833332999999999657e+00 9.715999999999999659e+01
4.849999999999999645e+00 9.704000000000000625e+01
4.866666999999999632e+00 9.696999999999999886e+01
4.883333000000000368e+00 9.692000000000000171e+01
4.900000000000000355e+00 9.706000000000000227e+01
4.916667000000000343e+00 9.718000000000000682e+01
4.933333000000000190e+00 9.718000000000000682e+01
4.950000000000000178e+00 9.698999999999999488e+01
4.966667000000000165e+00 9.696999999999999886e+01
4.983333000000000013e+00 9.715999999999999659e+01
5.000000000000000000e+00 9.717000000000000171e+01
