1.666666666666666644e-02 1.051999999999999957e+01
3.333333333333333287e-02 9.300000000000000711e+00
5.000000000000000278e-02 9.490000000000000213e+00
6.666666666666666574e-02 9.179999999999999716e+00
8.333333333333332871e-02 8.259999999999999787e+00
1.000000000000000056e-01 9.259999999999999787e+00
1.166666666666666685e-01 9.730000000000000426e+00
1.333333333333333315e-01 9.779999999999999361e+00
1.499999999999999944e-01 9.810000000000000497e+00
1.666666666666666574e-01 9.820000000000000284e+00
1.833333333333333204e-01 9.890000000000000568e+00
2.000000000000000111e-01 1.391999999999999993e+01
2.166666666666666741e-01 1.669999999999999929e+01
2.333333333333333370e-01 1.642000000000000171e+01
2.500000000000000000e-01 1.578999999999999915e+01
2.666666666666666630e-01 1.247000000000000064e+01
2.833333333333333259e-01 9.890000000000000568e+00
2.999999999999999889e-01 1.064000000000000057e+01
3.166666666666666519e-01 1.049000000000000021e+01
3.333333333333333148e-01 9.660000000000000142e+00
3.499999999999999778e-01 9.310000000000000497e+00
3.666666666666666408e-01 8.509999999999999787e+00
3.833333333333333592e-01 7.799999999999999822e+00
4.000000000000000222e-01 7.990000000000000213e+00
4.166666666666666852e-01 9.939999999999999503e+00
4.333333333333333481e-01 1.544999999999999929e+01
4.500000000000000111e-01 1.789999999999999858e+01
4.666666666666666741e-01 1.910999999999999943e+01
4.833333333333333370e-01 1.967999999999999972e+01
5.000000000000000000e-01 1.883999999999999986e+01
5.166666666666667185e-01 1.892999999999999972e+01
5.333333333333333259e-01 1.842000000000000171e+01
5.500000000000000444e-01 1.826999999999999957e+01
5.666666666666666519e-01 1.798999999999999844e+01
5.833333333333333703e-01 1.794000000000000128e+01
5.999999999999999778e-01 1.800000000000000000e+01
6.166666666666666963e-01 1.814999999999999858e+01
6.333333333333333037e-01 1.869000000000000128e+01
6.500000000000000222e-01 2.426000000000000156e+01
6.666666666666666297e-01 2.662999999999999901e+01
6.833333333333333481e-01 2.730000000000000071e+01
6.999999999999999556e-01 2.692999999999999972e+01
7.166666666666666741e-01 2.523000000000000043e+01
7.333333333333332815e-01 2.642999999999999972e+01
7.500000000000000000e-01 2.830999999999999872e+01
7.666666666666667185e-01 2.757999999999999829e+01
7.833333333333333259e-01 2.853000000000000114e+01
8.000000000000000444e-01 3.332000000000000028e+01
8.166666666666666519e-01 3.264000000000000057e+01
8.333333333333333703e-01 3.271000000000000085e+01
8.499999999999999778e-01 3.250999999999999801e+01
8.666666666666666963e-01 3.234000000000000341e+01
8.833333333333333037e-01 3.085999999999999943e+01
9.000000000000000222e-01 3.080000000000000071e+01
9.166666666666666297e-01 3.187000000000000099e+01
9.333333333333333481e-01 3.372999999999999687e+01
9.499999999999999556e-01 3.575000000000000000e+01
9.666666666666666741e-01 3.638000000000000256e+01
9.833333333333332815e-01 3.675000000000000000e+01
1.000000000000000000e+00 3.688000000000000256e+01
1.016666666666666607e+00 3.734000000000000341e+01
1.033333333333333437e+00 3.828000000000000114e+01
1.050000000000000044e+00 4.100000000000000000e+01
1.066666666666666652e+00 4.342999999999999972e+01
1.083333333333333259e+00 4.439999999999999858e+01
1.100000000000000089e+00 4.567999999999999972e+01
1.116666666666666696e+00 4.625999999999999801e+01
1.133333333333333304e+00 4.710999999999999943e+01
1.149999999999999911e+00 4.760999999999999943e+01
1.166666666666666741e+00 4.857999999999999829e+01
1.183333333333333348e+00 4.815999999999999659e+01
1.199999999999999956e+00 4.874000000000000199e+01
1.216666666666666563e+00 4.814999999999999858e+01
1.233333333333333393e+00 4.882000000000000028e+01
1.250000000000000000e+00 5.135000000000000142e+01
1.266666666666666607e+00 5.450000000000000000e+01
1.283333333333333437e+00 5.657000000000000028e+01
1.300000000000000044e+00 5.910000000000000142e+01
1.316666666666666652e+00 6.236999999999999744e+01
1.333333333333333259e+00 6.303999999999999915e+01
1.350000000000000089e+00 6.678000000000000114e+01
1.366666666666666696e+00 6.882999999999999829e+01
1.383333333333333304e+00 7.248000000000000398e+01
1.399999999999999911e+00 7.217000000000000171e+01
1.416666666666666741e+00 7.139000000000000057e+01
1.433333333333333348e+00 7.246999999999999886e+01
1.449999999999999956e+00 7.451999999999999602e+01
1.466666666666666563e+00 7.604999999999999716e+01
1.483333333333333393e+00 7.843000000000000682e+01
1.500000000000000000e+00 7.981000000000000227e+01
1.516666666666666607e+00 7.990000000000000568e+01
1.533333333333333437e+00 8.054999999999999716e+01
1.550000000000000044e+00 8.229999999999999716e+01
1.566666666666666652e+00 8.309999999999999432e+01
1.583333333333333259e+00 8.395000000000000284e+01
1.600000000000000089e+00 8.475000000000000000e+01
1.616666666666666696e+00 8.456000000000000227e+01
1.633333333333333304e+00 8.520000000000000284e+01
1.649999999999999911e+00 8.598000000000000398e+01
1.666666666666666741e+00 8.504999999999999716e+01
1.683333333333333348e+00 8.529999999999999716e+01
1.699999999999999956e+00 8.707999999999999829e+01
1.716666666666666563e+00 8.675000000000000000e+01
1.733333333333333393e+00 8.628000000000000114e+01
1.750000000000000000e+00 8.710999999999999943e+01
1.766666666666666607e+00 8.807999999999999829e+01
1.783333333333333437e+00 8.837999999999999545e+01
1.800000000000000044e+00 8.795000000000000284e+01
1.816666666666666652e+00 8.832999999999999829e+01
1.833333333333333259e+00 8.875000000000000000e+01
1.850000000000000089e+00 8.895999999999999375e+01
1.866666666666666696e+00 8.870000000000000284e+01
1.883333333333333304e+00 8.862000000000000455e+01
1.899999999999999911e+00 8.956000000000000227e+01
1.916666666666666741e+00 8.915000000000000568e+01
1.933333333333333348e+00 8.903000000000000114e+01
1.949999999999999956e+00 8.956000000000000227e+01
1.966666666666666563e+00 9.017000000000000171e+01
1.983333333333333393e+00 9.020999999999999375e+01
2.000000000000000000e+00 9.065999999999999659e+01
2.016666666666666607e+00 9.139000000000000057e+01
2.033333333333333215e+00 9.118999999999999773e+01
2.049999999999999822e+00 9.139000000000000057e+01
2.066666666666666874e+00 9.126000000000000512e+01
2.083333333333333481e+00 9.118000000000000682e+01
2.100000000000000089e+00 9.160999999999999943e+01
2.116666666666666696e+00 9.223999999999999488e+01
2.133333333333333304e+00 9.214000000000000057e+01
2.149999999999999911e+00 9.221999999999999886e+01
2.166666666666666519e+00 9.242000000000000171e+01
2.183333333333333126e+00 9.268999999999999773e+01
2.200000000000000178e+00 9.256999999999999318e+01
2.216666666666666785e+00 9.273999999999999488e+01
2.233333333333333393e+00 9.276999999999999602e+01
2.250000000000000000e+00 9.259999999999999432e+01
2.266666666666666607e+00 9.276999999999999602e+01
2.283333333333333215e+00 9.318000000000000682e+01
2.299999999999999822e+00 9.339000000000000057e+01
2.316666666666666874e+00 9.353000000000000114e+01
2.333333333333333481e+00 9.332999999999999829e+01
2.350000000000000089e+00 9.357999999999999829e+01
2.366666666666666696e+00 9.378000000000000114e+01
2.383333333333333304e+00 9.387000000000000455e+01
2.399999999999999911e+00 9.381000000000000227e+01
2.416666666666666519e+00 9.379000000000000625e+01
2.433333333333333126e+00 9.379000000000000625e+01
2.450000000000000178e+00 9.407999999999999829e+01
2.466666666666666785e+00 9.415000000000000568e+01
2.483333333333333393e+00 9.429999999999999716e+01
2.500000000000000000e+00 9.406000000000000227e+01
2.516666666666666607e+00 9.421999999999999886e+01
2.533333333333333215e+00 9.448999999999999488e+01
2.549999999999999822e+00 9.443999999999999773e+01
2.566666666666666874e+00 9.398000000000000398e+01
2.583333333333333481e+00 9.409999999999999432e+01
2.600000000000000089e+00 9.457999999999999829e+01
2.616666666666666696e+00 9.443999999999999773e+01
2.633333333333333304e+00 9.464000000000000057e+01
2.649999999999999911e+00 9.479000000000000625e+01
2.666666666666666519e+00 9.478000000000000114e+01
2.683333333333333126e+00 9.471999999999999886e+01
2.700000000000000178e+00 9.478000000000000114e+01
2.716666666666666785e+00 9.476000000000000512e+01
2.733333333333333393e+00 9.493999999999999773e+01
2.750000000000000000e+00 9.495999999999999375e+01
2.766666666666666607e+00 9.490000000000000568e+01
2.783333333333333215e+00 9.493999999999999773e+01
2.799999999999999822e+00 9.501999999999999602e+01
2.816666666666666874e+00 9.495000000000000284e+01
2.833333333333333481e+00 9.481000000000000227e+01
2.850000000000000089e+00 9.490000000000000568e+01
2.866666666666666696e+00 9.501999999999999602e+01
2.883333333333333304e+00 9.506000000000000227e+01
2.899999999999999911e+00 9.518000000000000682e+01
2.916666666666666519e+00 9.515000000000000568e+01
2.933333333333333126e+00 9.504000000000000625e+01
2.950000000000000178e+00 9.507999999999999829e+01
2.966666666666666785e+00 9.500000000000000000e+01
2.983333333333333393e+00 9.503000000000000114e+01
3.000000000000000000e+00 9.512000000000000455e+01
3.016666666666666607e+00 9.526999999999999602e+01
3.033333333333333215e+00 9.528000000000000114e+01
3.049999999999999822e+00 9.525000000000000000e+01
3.066666666666666874e+00 9.545999999999999375e+01
3.083333333333333481e+00 9.560999999999999943e+01
3.100000000000000089e+00 9.540000000000000568e+01
3.116666666666666696e+00 9.545000000000000284e+01
3.133333333333333304e+00 9.554999999999999716e+01
3.149999999999999911e+00 9.554999999999999716e+01
3.166666666666666519e+00 9.537999999999999545e+01
3.183333333333333126e+00 9.529999999999999716e+01
3.200000000000000178e+00 9.559999999999999432e+01
3.216666666666666785e+00 9.576000000000000512e+01
3.233333333333333393e+00 9.568999999999999773e+01
3.250000000000000000e+00 9.568000000000000682e+01
3.266666666666666607e+00 9.565000000000000568e+01
3.283333333333333215e+00 9.568000000000000682e+01
3.299999999999999822e+00 9.556000000000000227e+01
3.316666666666666874e+00 9.570999999999999375e+01
3.333333333333333481e+00 9.587999999999999545e+01
3.350000000000000089e+00 9.604000000000000625e+01
3.366666666666666696e+00 9.576999999999999602e+01
3.383333333333333304e+00 9.581999999999999318e+01
3.399999999999999911e+00 9.579999999999999716e+01
3.416666666666666519e+00 9.573000000000000398e+01
3.433333333333333126e+00 9.560999999999999943e+01
3.450000000000000178e+00 9.576999999999999602e+01
3.466666666666666785e+00 9.596999999999999886e+01
3.483333333333333393e+00 9.581999999999999318e+01
3.500000000000000000e+00 9.556999999999999318e+01
3.516666666666666607e+00 9.576000000000000512e+01
3.533333333333333215e+00 9.603000000000000114e+01
3.549999999999999822e+00 9.592000000000000171e+01
3.566666666666666874e+00 9.540000000000000568e+01
3.583333333333333481e+00 9.539000000000000057e+01
3.600000000000000089e+00 9.596999999999999886e+01
3.616666666666666696e+00 9.607999999999999829e+01
3.633333333333333304e+00 9.575000000000000000e+01
3.649999999999999911e+00 9.587999999999999545e+01
3.666666666666666519e+00 9.617000000000000171e+01
3.683333333333333126e+00 9.629000000000000625e+01
3.700000000000000178e+00 9.626000000000000512e+01
3.716666666666666785e+00 9.609000000000000341e+01
3.733333333333333393e+00 9.604999999999999716e+01
3.750000000000000000e+00 9.607999999999999829e+01
3.766666666666666607e+00 9.620000000000000284e+01
3.783333333333333215e+00 9.643000000000000682e+01
3.799999999999999822e+00 9.642000000000000171e+01
3.816666666666666874e+00 9.626999999999999602e+01
3.833333333333333481e+00 9.618999999999999773e+01
3.850000000000000089e+00 9.606999999999999318e+01
3.866666666666666696e+00 9.601999999999999602e+01
3.883333333333333304e+00 9.626000000000000512e+01
3.899999999999999911e+00 9.637999999999999545e+01
3.916666666666666519e+00 9.629000000000000625e+01
3.933333333333333126e+00 9.632999999999999829e+01
3.950000000000000178e+00 9.632999999999999829e+01
3.966666666666666785e+00 9.623999999999999488e+01
3.983333333333333393e+00 9.621999999999999886e+01
4.000000000000000000e+00 9.634000000000000341e+01
4.016666666666666607e+00 9.637000000000000455e+01
4.033333333333333215e+00 9.653000000000000114e+01
4.049999999999999822e+00 9.643999999999999773e+01
4.066666666666666430e+00 9.648000000000000398e+01
4.083333333333333037e+00 9.637000000000000455e+01
4.099999999999999645e+00 9.646999999999999886e+01
4.116666666666666252e+00 9.643000000000000682e+01
4.133333333333333748e+00 9.651999999999999602e+01
4.150000000000000355e+00 9.660999999999999943e+01
4.166666666666666963e+00 9.659000000000000341e+01
4.183333333333333570e+00 9.634000000000000341e+01
4.200000000000000178e+00 9.645999999999999375e+01
4.216666666666666785e+00 9.665999999999999659e+01
4.233333333333333393e+00 9.660999999999999943e+01
4.250000000000000000e+00 9.657999999999999829e+01
4.266666666666666607e+00 9.670999999999999375e+01
4.283333333333333215e+00 9.673000000000000398e+01
4.299999999999999822e+00 9.670999999999999375e+01
4.316666666666666430e+00 9.660999999999999943e+01
4.333333333333333037e+00 9.676999999999999602e+01
4.349999999999999645e+00 9.671999999999999886e+01
4.366666666666666252e+00 9.667000000000000171e+01
4.383333333333333748e+00 9.665999999999999659e+01
4.400000000000000355e+00 9.665000000000000568e+01
4.416666666666666963e+00 9.662999999999999545e+01
4.433333333333333570e+00 9.650000000000000000e+01
4.450000000000000178e+00 9.643999999999999773e+01
4.466666666666666785e+00 9.662000000000000455e+01
4.483333333333333393e+00 9.684999999999999432e+01
4.500000000000000000e+00 9.675000000000000000e+01
4.516666666666666607e+00 9.671999999999999886e+01
4.533333333333333215e+00 9.676000000000000512e+01
4.549999999999999822e+00 9.700000000000000000e+01
4.566666666666666430e+00 9.667000000000000171e+01
4.583333333333333037e+00 9.645000000000000284e+01
4.599999999999999645e+00 9.656000000000000227e+01
4.616666666666666252e+00 9.689000000000000057e+01
4.633333333333333748e+00 9.692000000000000171e+01
4.650000000000000355e+00 9.684999999999999432e+01
4.666666666666666963e+00 9.681999999999999318e+01
4.683333333333333570e+00 9.690000000000000568e+01
4.700000000000000178e+00 9.698000000000000398e+01
4.716666666666666785e+00 9.701000000000000512e+01
4.733333333333333393e+00 9.693000000000000682e+01
4.750000000000000000e+00 9.679000000000000625e+01
4.766666666666666607e+00 9.668000000000000682e+01
4.783333333333333215e+00 9.679999999999999716e+01
4.799999999999999822e+00 9.704000000000000625e+01
4.816666666666666430e+00 9.704999999999999716e+01
4.833333333333333037e+00 9.701000000000000512e+01
4.849999999999999645e+00 9.668000000000000682e+01
4.866666666666666252e+00 9.665000000000000568e+01
4.883333333333333748e+00 9.679999999999999716e+01
4.900000000000000355e+00 9.706000000000000227e+01
4.916666666666666963e+00 9.700000000000000000e+01
4.933333333333333570e+00 9.693000000000000682e+01
4.950000000000000178e+00 9.684000000000000341e+01
4.966666666666666785e+00 9.684999999999999432e+01
4.983333333333333393e+00 9.679999999999999716e+01
5.000000000000000000e+00 9.684000000000000341e+01
