0.033333 8.910000
0.066667 8.790000
0.100000 13.690000
0.133333 16.240000
0.166667 17.670000
0.200000 17.500000
0.233333 18.150000
0.266667 21.740000
0.300000 23.800000
0.333333 25.000000
0.366667 25.180000
0.400000 25.130000
0.433333 23.890000
0.466667 22.270000
0.500000 20.280000
0.533333 19.250000
0.566667 19.430000
0.600000 20.740000
0.633333 22.060000
0.666667 22.890000
0.700000 24.220000
0.733333 24.680000
0.766667 24.730000
0.800000 28.100000
0.833333 29.970000
0.866667 30.060000
0.900000 30.930000
0.933333 37.090000
0.966667 41.410000
1.000000 42.290000
1.033333 43.960000
1.066667 48.100000
1.100000 49.400000
1.133333 50.360000
1.166667 55.370000
1.200000 61.140000
1.233333 65.540000
1.266667 66.150000
1.300000 66.330000
1.333333 67.290000
1.366667 67.560000
1.400000 68.340000
1.433333 71.470000
1.466667 74.010000
1.500000 75.740000
1.533333 77.370000
1.566667 78.590000
1.600000 79.430000
1.633333 79.760000
1.666667 80.890000
1.700000 79.520000
1.733333 81.920000
1.766667 82.740000
1.800000 82.190000
1.833333 84.200000
1.866667 84.460000
1.900000 83.580000
1.933333 85.280000
1.966667 85.720000
2.000000 85.090000
2.033333 86.300000
2.066667 87.090000
2.100000 86.670000
2.133333 86.810000
2.166667 88.270000
2.200000 87.680000
2.233333 86.940000
2.266667 88.280000
2.300000 89.080000
2.333333 88.720000
2.366667 88.650000
2.400000 89.420000
2.433333 89.420000
2.466667 89.290000
2.500000 89.580000
2.533333 90.030000
2.566667 90.430000
2.600000 90.540000
2.633333 90.180000
2.666667 90.530000
2.700000 90.920000
2.733333 90.960000
2.766667 91.180000
2.800000 91.350000
2.833333 91.160000
2.866667 91.280000
2.900000 91.680000
2.933333 91.520000
2.966667 91.440000
3.000000 91.610000
3.033333 91.870000
3.066667 91.920000
3.100000 91.690000
3.133333 92.040000
3.166667 92.320000
3.200000 92.360000
3.233333 92.410000
3.266667 92.480000
3.300000 92.780000
3.333333 93.000000
3.366667 92.910000
3.400000 92.910000
3.433333 92.900000
3.466667 92.810000
3.500000 92.740000
3.533333 92.960000
3.566667 93.240000
3.600000 93.310000
3.633333 93.040000
3.666667 93.450000
3.700000 93.430000
3.733333 93.090000
3.766667 93.110000
3.800000 93.570000
3.833333 93.980000
3.866667 93.900000
3.900000 93.970000
3.933333 94.150000
3.966667 93.920000
4.000000 93.520000
4.033333 93.650000
4.066667 94.130000
4.100000 94.050000
4.133333 94.020000
4.166667 94.280000
4.200000 94.400000
4.233333 94.420000
4.266667 94.350000
4.300000 94.220000
4.333333 94.570000
4.366667 94.700000
4.400000 94.550000
4.433333 94.450000
4.466667 94.360000
4.500000 94.430000
4.533333 94.430000
4.566667 94.550000
4.600000 95.000000
4.633333 95.090000
4.666667 95.100000
4.700000 95.170000
4.733333 95.030000
4.766667 94.890000
4.800000 94.920000
4.833333 95.060000
4.866667 95.330000
4.900000 95.550000
4.933333 95.560000
4.966667 95.420000
5.000000 95.250000
