0.033333 9.100000
0.066667 9.020000
0.100000 10.160000
0.133333 10.660000
0.166667 11.040000
0.200000 10.900000
0.233333 11.200000
0.266667 12.900000
0.300000 14.300000
0.333333 15.540000
0.366667 15.920000
0.400000 15.360000
0.433333 13.660000
0.466667 11.960000
0.500000 11.260000
0.533333 11.500000
0.566667 11.960000
0.600000 12.520000
0.633333 13.260000
0.666667 13.840000
0.700000 13.180000
0.733333 14.360000
0.766667 15.620000
0.800000 17.460000
0.833333 18.340000
0.866667 18.880000
0.900000 18.300000
0.933333 22.040000
0.966667 23.340000
1.000000 23.740000
1.033333 24.080000
1.066667 27.300000
1.100000 28.560000
1.133333 29.420000
1.166667 32.980000
1.200000 38.920000
1.233333 43.660000
1.266667 44.600000
1.300000 45.140000
1.333333 46.020000
1.366667 46.440000
1.400000 47.600000
1.433333 51.320000
1.466667 54.280000
1.500000 56.940000
1.533333 59.500000
1.566667 61.460000
1.600000 62.540000
1.633333 62.860000
1.666667 65.000000
1.700000 62.740000
1.733333 66.500000
1.766667 68.100000
1.800000 66.980000
1.833333 70.580000
1.866667 70.940000
1.900000 69.520000
1.933333 72.300000
1.966667 73.060000
2.000000 71.960000
2.033333 74.060000
2.066667 75.520000
2.100000 74.800000
2.133333 75.220000
2.166667 77.780000
2.200000 76.440000
2.233333 75.100000
2.266667 77.700000
2.300000 79.080000
2.333333 78.480000
2.366667 78.440000
2.400000 79.700000
2.433333 79.680000
2.466667 79.460000
2.500000 80.040000
2.533333 80.820000
2.566667 81.540000
2.600000 81.740000
2.633333 81.040000
2.666667 81.680000
2.700000 82.400000
2.733333 82.400000
2.766667 82.880000
2.800000 83.240000
2.833333 82.940000
2.866667 83.160000
2.900000 83.940000
2.933333 83.580000
2.966667 83.320000
3.000000 83.600000
3.033333 84.080000
3.066667 84.260000
3.100000 83.840000
3.133333 84.560000
3.166667 85.060000
3.200000 85.100000
3.233333 85.280000
3.266667 85.400000
3.300000 85.920000
3.333333 86.280000
3.366667 86.200000
3.400000 86.220000
3.433333 86.220000
3.466667 86.040000
3.500000 85.860000
3.533333 86.260000
3.566667 86.780000
3.600000 86.860000
3.633333 86.300000
3.666667 87.160000
3.700000 87.180000
3.733333 86.580000
3.766667 86.620000
3.800000 87.380000
3.833333 88.160000
3.866667 87.920000
3.900000 88.060000
3.933333 88.440000
3.966667 88.060000
4.000000 87.300000
4.033333 87.620000
4.066667 88.480000
4.100000 88.280000
4.133333 88.280000
4.166667 88.800000
4.200000 89.000000
4.233333 89.040000
4.266667 88.940000
4.300000 88.660000
4.333333 89.260000
4.366667 89.560000
4.400000 89.280000
4.433333 89.140000
4.466667 89.000000
4.500000 89.080000
4.533333 89.100000
4.566667 89.280000
4.600000 90.100000
4.633333 90.340000
4.666667 90.300000
4.700000 90.420000
4.733333 90.160000
4.766667 89.900000
4.800000 89.980000
4.833333 90.260000
4.866667 90.800000
4.900000 91.200000
4.933333 91.240000
4.966667 90.960000
5.000000 90.640000
