1.666666666666666644e-02 5.820000000000000284e+00
3.333333333333333287e-02 6.280000000000000249e+00
5.000000000000000278e-02 6.339999999999999858e+00
6.666666666666666574e-02 6.339999999999999858e+00
8.333333333333332871e-02 6.759999999999999787e+00
1.000000000000000056e-01 8.580000000000000071e+00
1.166666666666666685e-01 8.839999999999999858e+00
1.333333333333333315e-01 8.939999999999999503e+00
1.499999999999999944e-01 8.939999999999999503e+00
1.666666666666666574e-01 8.859999999999999432e+00
1.833333333333333204e-01 8.660000000000000142e+00
2.000000000000000111e-01 9.279999999999999361e+00
2.166666666666666741e-01 9.279999999999999361e+00
2.333333333333333370e-01 9.560000000000000497e+00
2.500000000000000000e-01 9.580000000000000071e+00
2.666666666666666630e-01 9.080000000000000071e+00
2.833333333333333259e-01 1.011999999999999922e+01
2.999999999999999889e-01 1.033999999999999986e+01
3.166666666666666519e-01 1.011999999999999922e+01
3.333333333333333148e-01 9.880000000000000782e+00
3.499999999999999778e-01 9.900000000000000355e+00
3.666666666666666408e-01 1.035999999999999943e+01
3.833333333333333592e-01 1.100000000000000000e+01
4.000000000000000222e-01 1.116000000000000014e+01
4.166666666666666852e-01 1.267999999999999972e+01
4.333333333333333481e-01 1.367999999999999972e+01
4.500000000000000111e-01 1.514000000000000057e+01
4.666666666666666741e-01 1.585999999999999943e+01
4.833333333333333370e-01 1.535999999999999943e+01
5.000000000000000000e-01 1.575999999999999979e+01
5.166666666666667185e-01 1.580000000000000071e+01
5.333333333333333259e-01 1.467999999999999972e+01
5.500000000000000444e-01 1.453999999999999915e+01
5.666666666666666519e-01 1.569999999999999929e+01
5.833333333333333703e-01 1.564000000000000057e+01
5.999999999999999778e-01 1.616000000000000014e+01
6.166666666666666963e-01 1.585999999999999943e+01
6.333333333333333037e-01 1.700000000000000000e+01
6.500000000000000222e-01 1.771999999999999886e+01
6.666666666666666297e-01 1.767999999999999972e+01
6.833333333333333481e-01 1.800000000000000000e+01
6.999999999999999556e-01 1.900000000000000000e+01
7.166666666666666741e-01 1.846000000000000085e+01
7.333333333333332815e-01 1.646000000000000085e+01
7.500000000000000000e-01 1.469999999999999929e+01
7.666666666666667185e-01 1.472000000000000064e+01
7.833333333333333259e-01 1.803999999999999915e+01
8.000000000000000444e-01 2.083999999999999986e+01
8.166666666666666519e-01 1.982000000000000028e+01
8.333333333333333703e-01 2.005999999999999872e+01
8.499999999999999778e-01 1.989999999999999858e+01
8.666666666666666963e-01 1.983999999999999986e+01
8.833333333333333037e-01 1.966000000000000014e+01
9.000000000000000222e-01 1.976000000000000156e+01
9.166666666666666297e-01 2.119999999999999929e+01
9.333333333333333481e-01 2.233999999999999986e+01
9.499999999999999556e-01 2.319999999999999929e+01
9.666666666666666741e-01 2.362000000000000099e+01
9.833333333333332815e-01 2.380000000000000071e+01
1.000000000000000000e+00 2.332000000000000028e+01
1.016666666666666607e+00 2.339999999999999858e+01
1.033333333333333437e+00 2.357999999999999829e+01
1.050000000000000044e+00 2.483999999999999986e+01
1.066666666666666652e+00 2.616000000000000014e+01
1.083333333333333259e+00 2.637999999999999901e+01
1.100000000000000089e+00 2.705999999999999872e+01
1.116666666666666696e+00 2.789999999999999858e+01
1.133333333333333304e+00 2.855999999999999872e+01
1.149999999999999911e+00 2.930000000000000071e+01
1.166666666666666741e+00 3.048000000000000043e+01
1.183333333333333348e+00 3.060000000000000142e+01
1.199999999999999956e+00 3.087999999999999901e+01
1.216666666666666563e+00 3.028000000000000114e+01
1.233333333333333393e+00 3.037999999999999901e+01
1.250000000000000000e+00 3.232000000000000028e+01
1.266666666666666607e+00 3.488000000000000256e+01
1.283333333333333437e+00 3.579999999999999716e+01
1.300000000000000044e+00 3.815999999999999659e+01
1.316666666666666652e+00 4.111999999999999744e+01
1.333333333333333259e+00 4.174000000000000199e+01
1.350000000000000089e+00 4.600000000000000000e+01
1.366666666666666696e+00 4.853999999999999915e+01
1.383333333333333304e+00 5.353999999999999915e+01
1.399999999999999911e+00 5.346000000000000085e+01
1.416666666666666741e+00 5.192000000000000171e+01
1.433333333333333348e+00 5.335999999999999943e+01
1.449999999999999956e+00 5.570000000000000284e+01
1.466666666666666563e+00 5.803999999999999915e+01
1.483333333333333393e+00 6.206000000000000227e+01
1.500000000000000000e+00 6.389999999999999858e+01
1.516666666666666607e+00 6.407999999999999829e+01
1.533333333333333437e+00 6.500000000000000000e+01
1.550000000000000044e+00 6.743999999999999773e+01
1.566666666666666652e+00 6.884000000000000341e+01
1.583333333333333259e+00 7.021999999999999886e+01
1.600000000000000089e+00 7.143999999999999773e+01
1.616666666666666696e+00 7.120000000000000284e+01
1.633333333333333304e+00 7.235999999999999943e+01
1.649999999999999911e+00 7.364000000000000057e+01
1.666666666666666741e+00 7.229999999999999716e+01
1.683333333333333348e+00 7.254000000000000625e+01
1.699999999999999956e+00 7.559999999999999432e+01
1.716666666666666563e+00 7.504000000000000625e+01
1.733333333333333393e+00 7.414000000000000057e+01
1.750000000000000000e+00 7.570000000000000284e+01
1.766666666666666607e+00 7.726000000000000512e+01
1.783333333333333437e+00 7.790000000000000568e+01
1.800000000000000044e+00 7.714000000000000057e+01
1.816666666666666652e+00 7.776000000000000512e+01
1.833333333333333259e+00 7.854000000000000625e+01
1.850000000000000089e+00 7.893999999999999773e+01
1.866666666666666696e+00 7.845999999999999375e+01
1.883333333333333304e+00 7.831999999999999318e+01
1.899999999999999911e+00 7.993999999999999773e+01
1.916666666666666741e+00 7.923999999999999488e+01
1.933333333333333348e+00 7.893999999999999773e+01
1.949999999999999956e+00 7.998000000000000398e+01
1.966666666666666563e+00 8.121999999999999886e+01
1.983333333333333393e+00 8.121999999999999886e+01
2.000000000000000000e+00 8.207999999999999829e+01
2.016666666666666607e+00 8.334000000000000341e+01
2.033333333333333215e+00 8.304000000000000625e+01
2.049999999999999822e+00 8.337999999999999545e+01
2.066666666666666874e+00 8.309999999999999432e+01
2.083333333333333481e+00 8.304000000000000625e+01
2.100000000000000089e+00 8.376000000000000512e+01
2.116666666666666696e+00 8.504000000000000625e+01
2.133333333333333304e+00 8.479999999999999716e+01
2.149999999999999911e+00 8.498000000000000398e+01
2.166666666666666519e+00 8.528000000000000114e+01
2.183333333333333126e+00 8.579999999999999716e+01
2.200000000000000178e+00 8.556000000000000227e+01
2.216666666666666785e+00 8.585999999999999943e+01
2.233333333333333393e+00 8.595999999999999375e+01
2.250000000000000000e+00 8.557999999999999829e+01
2.266666666666666607e+00 8.584000000000000341e+01
2.283333333333333215e+00 8.662000000000000455e+01
2.299999999999999822e+00 8.709999999999999432e+01
2.316666666666666874e+00 8.737999999999999545e+01
2.333333333333333481e+00 8.698000000000000398e+01
2.350000000000000089e+00 8.745999999999999375e+01
2.366666666666666696e+00 8.785999999999999943e+01
2.383333333333333304e+00 8.806000000000000227e+01
2.399999999999999911e+00 8.792000000000000171e+01
2.416666666666666519e+00 8.784000000000000341e+01
2.433333333333333126e+00 8.781999999999999318e+01
2.450000000000000178e+00 8.840000000000000568e+01
2.466666666666666785e+00 8.845999999999999375e+01
2.483333333333333393e+00 8.878000000000000114e+01
2.500000000000000000e+00 8.829999999999999716e+01
2.516666666666666607e+00 8.857999999999999829e+01
2.533333333333333215e+00 8.914000000000000057e+01
2.549999999999999822e+00 8.909999999999999432e+01
2.566666666666666874e+00 8.823999999999999488e+01
2.583333333333333481e+00 8.856000000000000227e+01
2.600000000000000089e+00 8.942000000000000171e+01
2.616666666666666696e+00 8.912000000000000455e+01
2.633333333333333304e+00 8.948000000000000398e+01
2.649999999999999911e+00 8.976000000000000512e+01
2.666666666666666519e+00 8.978000000000000114e+01
2.683333333333333126e+00 8.964000000000000057e+01
2.700000000000000178e+00 8.971999999999999886e+01
2.716666666666666785e+00 8.964000000000000057e+01
2.733333333333333393e+00 9.000000000000000000e+01
2.750000000000000000e+00 9.009999999999999432e+01
2.766666666666666607e+00 9.006000000000000227e+01
2.783333333333333215e+00 9.009999999999999432e+01
2.799999999999999822e+00 9.023999999999999488e+01
2.816666666666666874e+00 9.007999999999999829e+01
2.833333333333333481e+00 8.979999999999999716e+01
2.850000000000000089e+00 9.000000000000000000e+01
2.866666666666666696e+00 9.020000000000000284e+01
2.883333333333333304e+00 9.026000000000000512e+01
2.899999999999999911e+00 9.054000000000000625e+01
2.916666666666666519e+00 9.048000000000000398e+01
2.933333333333333126e+00 9.021999999999999886e+01
2.950000000000000178e+00 9.028000000000000114e+01
2.966666666666666785e+00 9.014000000000000057e+01
2.983333333333333393e+00 9.021999999999999886e+01
3.000000000000000000e+00 9.037999999999999545e+01
3.016666666666666607e+00 9.065999999999999659e+01
3.033333333333333215e+00 9.068000000000000682e+01
3.049999999999999822e+00 9.062000000000000455e+01
3.066666666666666874e+00 9.106000000000000227e+01
3.083333333333333481e+00 9.131999999999999318e+01
3.100000000000000089e+00 9.085999999999999943e+01
3.116666666666666696e+00 9.098000000000000398e+01
3.133333333333333304e+00 9.115999999999999659e+01
3.149999999999999911e+00 9.126000000000000512e+01
3.166666666666666519e+00 9.092000000000000171e+01
3.183333333333333126e+00 9.079999999999999716e+01
3.200000000000000178e+00 9.135999999999999943e+01
3.216666666666666785e+00 9.164000000000000057e+01
3.233333333333333393e+00 9.148000000000000398e+01
3.250000000000000000e+00 9.145999999999999375e+01
3.266666666666666607e+00 9.137999999999999545e+01
3.283333333333333215e+00 9.145999999999999375e+01
3.299999999999999822e+00 9.123999999999999488e+01
3.316666666666666874e+00 9.154000000000000625e+01
3.333333333333333481e+00 9.184000000000000341e+01
3.350000000000000089e+00 9.214000000000000057e+01
3.366666666666666696e+00 9.159999999999999432e+01
3.383333333333333304e+00 9.168000000000000682e+01
3.399999999999999911e+00 9.168000000000000682e+01
3.416666666666666519e+00 9.159999999999999432e+01
3.433333333333333126e+00 9.137999999999999545e+01
3.450000000000000178e+00 9.165999999999999659e+01
3.466666666666666785e+00 9.201999999999999602e+01
3.483333333333333393e+00 9.170000000000000284e+01
3.500000000000000000e+00 9.123999999999999488e+01
3.516666666666666607e+00 9.157999999999999829e+01
3.533333333333333215e+00 9.212000000000000455e+01
3.549999999999999822e+00 9.192000000000000171e+01
3.566666666666666874e+00 9.098000000000000398e+01
3.583333333333333481e+00 9.092000000000000171e+01
3.600000000000000089e+00 9.204000000000000625e+01
3.616666666666666696e+00 9.226000000000000512e+01
3.633333333333333304e+00 9.159999999999999432e+01
3.649999999999999911e+00 9.185999999999999943e+01
3.666666666666666519e+00 9.242000000000000171e+01
3.683333333333333126e+00 9.264000000000000057e+01
3.700000000000000178e+00 9.257999999999999829e+01
3.716666666666666785e+00 9.223999999999999488e+01
3.733333333333333393e+00 9.215999999999999659e+01
3.750000000000000000e+00 9.223999999999999488e+01
3.766666666666666607e+00 9.243999999999999773e+01
3.783333333333333215e+00 9.290000000000000568e+01
3.799999999999999822e+00 9.287999999999999545e+01
3.816666666666666874e+00 9.265999999999999659e+01
3.833333333333333481e+00 9.250000000000000000e+01
3.850000000000000089e+00 9.223999999999999488e+01
3.866666666666666696e+00 9.214000000000000057e+01
3.883333333333333304e+00 9.262000000000000455e+01
3.899999999999999911e+00 9.284000000000000341e+01
3.916666666666666519e+00 9.265999999999999659e+01
3.933333333333333126e+00 9.271999999999999886e+01
3.950000000000000178e+00 9.273999999999999488e+01
3.966666666666666785e+00 9.256000000000000227e+01
3.983333333333333393e+00 9.254000000000000625e+01
4.000000000000000000e+00 9.273999999999999488e+01
4.016666666666666607e+00 9.279999999999999716e+01
4.033333333333333215e+00 9.312000000000000455e+01
4.049999999999999822e+00 9.295999999999999375e+01
4.066666666666666430e+00 9.304000000000000625e+01
4.083333333333333037e+00 9.278000000000000114e+01
4.099999999999999645e+00 9.298000000000000398e+01
4.116666666666666252e+00 9.290000000000000568e+01
4.133333333333333748e+00 9.307999999999999829e+01
4.150000000000000355e+00 9.326000000000000512e+01
4.166666666666666963e+00 9.326000000000000512e+01
4.183333333333333570e+00 9.276000000000000512e+01
4.200000000000000178e+00 9.301999999999999602e+01
4.216666666666666785e+00 9.337999999999999545e+01
4.233333333333333393e+00 9.326000000000000512e+01
4.250000000000000000e+00 9.320000000000000284e+01
4.266666666666666607e+00 9.345999999999999375e+01
4.283333333333333215e+00 9.350000000000000000e+01
4.299999999999999822e+00 9.348000000000000398e+01
4.316666666666666430e+00 9.329999999999999716e+01
4.333333333333333037e+00 9.359999999999999432e+01
4.349999999999999645e+00 9.350000000000000000e+01
4.366666666666666252e+00 9.340000000000000568e+01
4.383333333333333748e+00 9.337999999999999545e+01
4.400000000000000355e+00 9.335999999999999943e+01
4.416666666666666963e+00 9.329999999999999716e+01
4.433333333333333570e+00 9.301999999999999602e+01
4.450000000000000178e+00 9.290000000000000568e+01
4.466666666666666785e+00 9.326000000000000512e+01
4.483333333333333393e+00 9.371999999999999886e+01
4.500000000000000000e+00 9.351999999999999602e+01
4.516666666666666607e+00 9.345999999999999375e+01
4.533333333333333215e+00 9.356000000000000227e+01
4.549999999999999822e+00 9.401999999999999602e+01
4.566666666666666430e+00 9.335999999999999943e+01
4.583333333333333037e+00 9.293999999999999773e+01
4.599999999999999645e+00 9.315999999999999659e+01
4.616666666666666252e+00 9.379999999999999716e+01
4.633333333333333748e+00 9.390000000000000568e+01
4.650000000000000355e+00 9.373999999999999488e+01
4.666666666666666963e+00 9.370000000000000284e+01
4.683333333333333570e+00 9.384000000000000341e+01
4.700000000000000178e+00 9.398000000000000398e+01
4.716666666666666785e+00 9.404000000000000625e+01
4.733333333333333393e+00 9.387999999999999545e+01
4.750000000000000000e+00 9.362000000000000455e+01
4.766666666666666607e+00 9.340000000000000568e+01
4.783333333333333215e+00 9.364000000000000057e+01
4.799999999999999822e+00 9.412000000000000455e+01
4.816666666666666430e+00 9.414000000000000057e+01
4.833333333333333037e+00 9.406000000000000227e+01
4.849999999999999645e+00 9.340000000000000568e+01
4.866666666666666252e+00 9.335999999999999943e+01
4.883333333333333748e+00 9.365999999999999659e+01
4.900000000000000355e+00 9.418000000000000682e+01
4.916666666666666963e+00 9.404000000000000625e+01
4.933333333333333570e+00 9.390000000000000568e+01
4.950000000000000178e+00 9.373999999999999488e+01
4.966666666666666785e+00 9.376000000000000512e+01
4.983333333333333393e+00 9.364000000000000057e+01
5.000000000000000000e+00 9.373999999999999488e+01
