1.666700000000000126e-02 5.080000000000000071e+00
3.333300000000000152e-02 5.259999999999999787e+00
5.000000000000000278e-02 6.859999999999999432e+00
6.666700000000000403e-02 8.080000000000000071e+00
8.333300000000000429e-02 7.799999999999999822e+00
1.000000000000000056e-01 9.439999999999999503e+00
1.166670000000000068e-01 9.879999999999999005e+00
1.333330000000000071e-01 9.980000000000000426e+00
1.499999999999999944e-01 9.800000000000000711e+00
1.666670000000000096e-01 8.780000000000001137e+00
1.833329999999999960e-01 9.980000000000000426e+00
2.000000000000000111e-01 1.133999999999999986e+01
2.166669999999999985e-01 1.206000000000000050e+01
2.333330000000000126e-01 1.161999999999999922e+01
2.500000000000000000e-01 1.158000000000000007e+01
2.666669999999999874e-01 1.356000000000000050e+01
2.833330000000000015e-01 1.506000000000000050e+01
2.999999999999999889e-01 1.567999999999999972e+01
3.166669999999999763e-01 1.501999999999999957e+01
3.333329999999999904e-01 1.482000000000000028e+01
3.499999999999999778e-01 1.562000000000000099e+01
3.666670000000000207e-01 1.590000000000000036e+01
3.833329999999999793e-01 1.494000000000000128e+01
4.000000000000000222e-01 1.623999999999999844e+01
4.166670000000000096e-01 1.717999999999999972e+01
4.333330000000000237e-01 1.751999999999999957e+01
4.500000000000000111e-01 1.919999999999999929e+01
4.666669999999999985e-01 2.644000000000000128e+01
4.833330000000000126e-01 3.008000000000000185e+01
5.000000000000000000e-01 3.033999999999999986e+01
5.166669999999999874e-01 3.221999999999999886e+01
5.333329999999999460e-01 3.571999999999999886e+01
5.500000000000000444e-01 3.970000000000000284e+01
5.666670000000000318e-01 3.903999999999999915e+01
5.833329999999999904e-01 3.835999999999999943e+01
5.999999999999999778e-01 3.956000000000000227e+01
6.166669999999999652e-01 4.534000000000000341e+01
6.333330000000000348e-01 4.892000000000000171e+01
6.500000000000000222e-01 4.988000000000000256e+01
6.666670000000000096e-01 4.953999999999999915e+01
6.833329999999999682e-01 5.043999999999999773e+01
6.999999999999999556e-01 5.465999999999999659e+01
7.166670000000000540e-01 5.552000000000000313e+01
7.333330000000000126e-01 5.524000000000000199e+01
7.500000000000000000e-01 5.799999999999999289e+01
7.666669999999999874e-01 5.775999999999999801e+01
7.833329999999999460e-01 5.864000000000000057e+01
8.000000000000000444e-01 6.163999999999999346e+01
8.166670000000000318e-01 6.311999999999999744e+01
8.333329999999999904e-01 5.809999999999999432e+01
8.499999999999999778e-01 6.211999999999999744e+01
8.666669999999999652e-01 6.373999999999999488e+01
8.833330000000000348e-01 6.128000000000000114e+01
9.000000000000000222e-01 6.618000000000000682e+01
9.166670000000000096e-01 6.585999999999999943e+01
9.333329999999999682e-01 6.542000000000000171e+01
9.499999999999999556e-01 6.915999999999999659e+01
9.666670000000000540e-01 6.912000000000000455e+01
9.833330000000000126e-01 6.771999999999999886e+01
1.000000000000000000e+00 6.673999999999999488e+01
1.016666999999999987e+00 6.943999999999999773e+01
1.033333000000000057e+00 7.226000000000000512e+01
1.050000000000000044e+00 7.243999999999999773e+01
1.066667000000000032e+00 7.209999999999999432e+01
1.083333000000000101e+00 7.376000000000000512e+01
1.100000000000000089e+00 7.426000000000000512e+01
1.116667000000000076e+00 7.421999999999999886e+01
1.133332999999999924e+00 7.431999999999999318e+01
1.149999999999999911e+00 7.514000000000000057e+01
1.166666999999999899e+00 7.596000000000000796e+01
1.183332999999999968e+00 7.628000000000000114e+01
1.199999999999999956e+00 7.757999999999999829e+01
1.216666999999999943e+00 7.820000000000000284e+01
1.233333000000000013e+00 7.835999999999999943e+01
1.250000000000000000e+00 7.832000000000000739e+01
1.266666999999999987e+00 7.921999999999999886e+01
1.283333000000000057e+00 7.995999999999999375e+01
1.300000000000000044e+00 8.015999999999999659e+01
1.316667000000000032e+00 7.967999999999999261e+01
1.333333000000000101e+00 7.920000000000000284e+01
1.350000000000000089e+00 8.093999999999999773e+01
1.366667000000000076e+00 8.082000000000000739e+01
1.383332999999999924e+00 8.084000000000000341e+01
1.399999999999999911e+00 7.990000000000000568e+01
1.416666999999999899e+00 7.962000000000000455e+01
1.433332999999999968e+00 8.071999999999999886e+01
1.449999999999999956e+00 8.182000000000000739e+01
1.466666999999999943e+00 8.147999999999998977e+01
1.483333000000000013e+00 8.184000000000000341e+01
1.500000000000000000e+00 8.262000000000000455e+01
1.516666999999999987e+00 8.315999999999999659e+01
1.533333000000000057e+00 8.245999999999999375e+01
1.550000000000000044e+00 8.193999999999999773e+01
1.566667000000000032e+00 8.252000000000001023e+01
1.583333000000000101e+00 8.339999999999999147e+01
1.600000000000000089e+00 8.332000000000000739e+01
1.616667000000000076e+00 8.346000000000000796e+01
1.633332999999999924e+00 8.371999999999999886e+01
1.649999999999999911e+00 8.348000000000000398e+01
1.666666999999999899e+00 8.465999999999999659e+01
1.683332999999999968e+00 8.487999999999999545e+01
1.699999999999999956e+00 8.400000000000000000e+01
1.716666999999999943e+00 8.324000000000000909e+01
1.733333000000000013e+00 8.401999999999999602e+01
1.750000000000000000e+00 8.506000000000000227e+01
1.766666999999999987e+00 8.446000000000000796e+01
1.783333000000000057e+00 8.342000000000000171e+01
1.800000000000000044e+00 8.442000000000000171e+01
1.816667000000000032e+00 8.570000000000000284e+01
1.833333000000000101e+00 8.496000000000000796e+01
1.850000000000000089e+00 8.409999999999999432e+01
1.866667000000000076e+00 8.487999999999999545e+01
1.883332999999999924e+00 8.548000000000000398e+01
1.899999999999999911e+00 8.564000000000000057e+01
1.916666999999999899e+00 8.620000000000000284e+01
1.933332999999999968e+00 8.628000000000000114e+01
1.949999999999999956e+00 8.528000000000000114e+01
1.966666999999999943e+00 8.539999999999999147e+01
1.983333000000000013e+00 8.648000000000000398e+01
2.000000000000000000e+00 8.692000000000000171e+01
2.016666999999999987e+00 8.685999999999999943e+01
2.033332999999999835e+00 8.700000000000000000e+01
2.049999999999999822e+00 8.687999999999999545e+01
2.066666999999999810e+00 8.743999999999999773e+01
2.083333000000000101e+00 8.756000000000000227e+01
2.100000000000000089e+00 8.768000000000000682e+01
2.116667000000000076e+00 8.718000000000000682e+01
2.133332999999999924e+00 8.690000000000000568e+01
2.149999999999999911e+00 8.742000000000000171e+01
2.166666999999999899e+00 8.796000000000000796e+01
2.183333000000000190e+00 8.785999999999999943e+01
2.200000000000000178e+00 8.700000000000000000e+01
2.216667000000000165e+00 8.696000000000000796e+01
2.233333000000000013e+00 8.771999999999999886e+01
2.250000000000000000e+00 8.838000000000000966e+01
2.266666999999999987e+00 8.781999999999999318e+01
2.283332999999999835e+00 8.737999999999999545e+01
2.299999999999999822e+00 8.757999999999999829e+01
2.316666999999999810e+00 8.848000000000000398e+01
2.333333000000000101e+00 8.878000000000000114e+01
2.350000000000000089e+00 8.873999999999999488e+01
2.366667000000000076e+00 8.881999999999999318e+01
2.383332999999999924e+00 8.898000000000000398e+01
2.399999999999999911e+00 8.866000000000001080e+01
2.416666999999999899e+00 8.868000000000000682e+01
2.433333000000000190e+00 8.898000000000000398e+01
2.450000000000000178e+00 8.940000000000000568e+01
2.466667000000000165e+00 8.971999999999999886e+01
2.483333000000000013e+00 9.015999999999999659e+01
2.500000000000000000e+00 9.007999999999999829e+01
2.516666999999999987e+00 8.978000000000000114e+01
2.533332999999999835e+00 8.968000000000000682e+01
2.549999999999999822e+00 8.970000000000000284e+01
2.566666999999999810e+00 8.978000000000000114e+01
2.583333000000000101e+00 8.973999999999999488e+01
2.600000000000000089e+00 8.984000000000000341e+01
2.616667000000000076e+00 9.006000000000000227e+01
2.633332999999999924e+00 8.988000000000000966e+01
2.649999999999999911e+00 9.018000000000000682e+01
2.666666999999999899e+00 9.048000000000000398e+01
2.683333000000000190e+00 9.088000000000000966e+01
2.700000000000000178e+00 9.075999999999999091e+01
2.716667000000000165e+00 9.079999999999999716e+01
2.733333000000000013e+00 9.088000000000000966e+01
2.750000000000000000e+00 9.112000000000000455e+01
2.766666999999999987e+00 9.095999999999999375e+01
2.783332999999999835e+00 9.064000000000000057e+01
2.799999999999999822e+00 9.050000000000000000e+01
2.816666999999999810e+00 9.064000000000000057e+01
2.833333000000000101e+00 9.123999999999999488e+01
2.850000000000000089e+00 9.125999999999999091e+01
2.866667000000000076e+00 9.115999999999999659e+01
2.883332999999999924e+00 9.121999999999999886e+01
2.899999999999999911e+00 9.132000000000000739e+01
2.916666999999999899e+00 9.125999999999999091e+01
2.933333000000000190e+00 9.151999999999999602e+01
2.950000000000000178e+00 9.147999999999998977e+01
2.966667000000000165e+00 9.140000000000000568e+01
2.983333000000000013e+00 9.135999999999999943e+01
3.000000000000000000e+00 9.132000000000000739e+01
3.016666999999999987e+00 9.093999999999999773e+01
3.033332999999999835e+00 9.114000000000000057e+01
3.049999999999999822e+00 9.140000000000000568e+01
3.066666999999999810e+00 9.157999999999999829e+01
3.083333000000000101e+00 9.164000000000000057e+01
3.100000000000000089e+00 9.171999999999999886e+01
3.116667000000000076e+00 9.156000000000000227e+01
3.133332999999999924e+00 9.156000000000000227e+01
3.149999999999999911e+00 9.173999999999999488e+01
3.166666999999999899e+00 9.212000000000000455e+01
3.183333000000000190e+00 9.214000000000000057e+01
3.200000000000000178e+00 9.170000000000000284e+01
3.216667000000000165e+00 9.112000000000000455e+01
3.233333000000000013e+00 9.112000000000000455e+01
3.250000000000000000e+00 9.137999999999999545e+01
3.266666999999999987e+00 9.157999999999999829e+01
3.283332999999999835e+00 9.164000000000000057e+01
3.299999999999999822e+00 9.195999999999999375e+01
3.316666999999999810e+00 9.260000000000000853e+01
3.333333000000000101e+00 9.242000000000000171e+01
3.350000000000000089e+00 9.228000000000000114e+01
3.366667000000000076e+00 9.192000000000000171e+01
3.383332999999999924e+00 9.164000000000000057e+01
3.399999999999999911e+00 9.165999999999999659e+01
3.416666999999999899e+00 9.145999999999999375e+01
3.433333000000000190e+00 9.156000000000000227e+01
3.450000000000000178e+00 9.197999999999998977e+01
3.466667000000000165e+00 9.237999999999999545e+01
3.483333000000000013e+00 9.254000000000000625e+01
3.500000000000000000e+00 9.264000000000000057e+01
3.516666999999999987e+00 9.273999999999999488e+01
3.533332999999999835e+00 9.282000000000000739e+01
3.549999999999999822e+00 9.235999999999999943e+01
3.566666999999999810e+00 9.182000000000000739e+01
3.583333000000000101e+00 9.185999999999999943e+01
3.600000000000000089e+00 9.245999999999999375e+01
3.616667000000000076e+00 9.293999999999999773e+01
3.633332999999999924e+00 9.235999999999999943e+01
3.649999999999999911e+00 9.210000000000000853e+01
3.666666999999999899e+00 9.245999999999999375e+01
3.683333000000000190e+00 9.282000000000000739e+01
3.700000000000000178e+00 9.293999999999999773e+01
3.716667000000000165e+00 9.265999999999999659e+01
3.733333000000000013e+00 9.278000000000000114e+01
3.750000000000000000e+00 9.300000000000000000e+01
3.766666999999999987e+00 9.282000000000000739e+01
3.783332999999999835e+00 9.312000000000000455e+01
3.799999999999999822e+00 9.323999999999999488e+01
3.816666999999999810e+00 9.332000000000000739e+01
3.833333000000000101e+00 9.290000000000000568e+01
3.850000000000000089e+00 9.254000000000000625e+01
3.866667000000000076e+00 9.256000000000000227e+01
3.883332999999999924e+00 9.278000000000000114e+01
3.899999999999999911e+00 9.340000000000000568e+01
3.916666999999999899e+00 9.364000000000000057e+01
3.933333000000000190e+00 9.330000000000001137e+01
3.950000000000000178e+00 9.287999999999999545e+01
3.966667000000000165e+00 9.307999999999999829e+01
3.983333000000000013e+00 9.320000000000000284e+01
4.000000000000000000e+00 9.290000000000000568e+01
4.016666999999999987e+00 9.271999999999999886e+01
4.033332999999999835e+00 9.256000000000000227e+01
4.049999999999999822e+00 9.335999999999999943e+01
4.066666999999999810e+00 9.343999999999999773e+01
4.083332999999999657e+00 9.334000000000000341e+01
4.099999999999999645e+00 9.364000000000000057e+01
4.116666999999999632e+00 9.400000000000000000e+01
4.133333000000000368e+00 9.417999999999999261e+01
4.150000000000000355e+00 9.376000000000000512e+01
4.166667000000000343e+00 9.347999999999998977e+01
4.183333000000000190e+00 9.384000000000000341e+01
4.200000000000000178e+00 9.406000000000000227e+01
4.216667000000000165e+00 9.379999999999999716e+01
4.233333000000000013e+00 9.356000000000000227e+01
4.250000000000000000e+00 9.343999999999999773e+01
4.266666999999999987e+00 9.360000000000000853e+01
4.283332999999999835e+00 9.360000000000000853e+01
4.299999999999999822e+00 9.370000000000000284e+01
4.316666999999999810e+00 9.387999999999999545e+01
4.333332999999999657e+00 9.409999999999999432e+01
4.349999999999999645e+00 9.417999999999999261e+01
4.366666999999999632e+00 9.409999999999999432e+01
4.383333000000000368e+00 9.364000000000000057e+01
4.400000000000000355e+00 9.347999999999998977e+01
4.416667000000000343e+00 9.332000000000000739e+01
4.433333000000000190e+00 9.342000000000000171e+01
4.450000000000000178e+00 9.347999999999998977e+01
4.466667000000000165e+00 9.371999999999999886e+01
4.483333000000000013e+00 9.382000000000000739e+01
4.500000000000000000e+00 9.400000000000000000e+01
4.516666999999999987e+00 9.392000000000000171e+01
4.533332999999999835e+00 9.409999999999999432e+01
4.549999999999999822e+00 9.407999999999999829e+01
4.566666999999999810e+00 9.385999999999999943e+01
4.583332999999999657e+00 9.360000000000000853e+01
4.599999999999999645e+00 9.352000000000001023e+01
4.616666999999999632e+00 9.395999999999999375e+01
4.633333000000000368e+00 9.393999999999999773e+01
4.650000000000000355e+00 9.389999999999999147e+01
4.666667000000000343e+00 9.406000000000000227e+01
4.683333000000000190e+00 9.426000000000000512e+01
4.700000000000000178e+00 9.414000000000000057e+01
4.716667000000000165e+00 9.384000000000000341e+01
4.733333000000000013e+00 9.395999999999999375e+01
4.750000000000000000e+00 9.417999999999999261e+01
4.766666999999999987e+00 9.419999999999998863e+01
4.783332999999999835e+00 9.400000000000000000e+01
4.799999999999999822e+00 9.429999999999999716e+01
4.816666999999999810e+00 9.437999999999999545e+01
4.833332999999999657e+00 9.435999999999999943e+01
4.849999999999999645e+00 9.412000000000000455e+01
4.866666999999999632e+00 9.397999999999998977e+01
4.883333000000000368e+00 9.385999999999999943e+01
4.900000000000000355e+00 9.415999999999999659e+01
4.916667000000000343e+00 9.437999999999999545e+01
4.933333000000000190e+00 9.439999999999999147e+01
4.950000000000000178e+00 9.406000000000000227e+01
4.966667000000000165e+00 9.402000000000001023e+01
4.983333000000000013e+00 9.435999999999999943e+01
5.000000000000000000e+00 9.435999999999999943e+01
