0.033333 14.900000
0.066667 12.890000
0.100000 13.990000
0.133333 15.500000
0.166667 16.140000
0.200000 17.050000
0.233333 17.440000
0.266667 18.740000
0.300000 24.140000
0.333333 26.550000
0.366667 27.250000
0.400000 29.560000
0.433333 30.610000
0.466667 28.550000
0.500000 26.340000
0.533333 26.420000
0.566667 26.460000
0.600000 27.360000
0.633333 27.600000
0.666667 27.590000
0.700000 28.590000
0.733333 28.850000
0.766667 28.210000
0.800000 29.030000
0.833333 29.310000
0.866667 27.250000
0.900000 27.050000
0.933333 30.870000
0.966667 34.450000
1.000000 36.150000
1.033333 34.620000
1.066667 33.600000
1.100000 35.710000
1.133333 38.000000
1.166667 38.060000
1.200000 38.110000
1.233333 38.110000
1.266667 37.830000
1.300000 38.100000
1.333333 39.290000
1.366667 41.160000
1.400000 43.310000
1.433333 45.110000
1.466667 44.830000
1.500000 44.940000
1.533333 45.850000
1.566667 48.320000
1.600000 51.160000
1.633333 52.370000
1.666667 52.420000
1.700000 50.530000
1.733333 49.670000
1.766667 49.880000
1.800000 53.210000
1.833333 57.210000
1.866667 59.530000
1.900000 60.160000
1.933333 61.150000
1.966667 62.910000
2.000000 64.680000
2.033333 65.750000
2.066667 64.700000
2.100000 63.180000
2.133333 64.670000
2.166667 68.110000
2.200000 71.870000
2.233333 73.500000
2.266667 73.880000
2.300000 73.690000
2.333333 74.340000
2.366667 75.200000
2.400000 77.790000
2.433333 79.200000
2.466667 80.420000
2.500000 80.900000
2.533333 80.270000
2.566667 81.250000
2.600000 82.210000
2.633333 82.780000
2.666667 84.100000
2.700000 84.310000
2.733333 83.980000
2.766667 83.480000
2.800000 84.190000
2.833333 84.290000
2.866667 85.000000
2.900000 86.350000
2.933333 87.310000
2.966667 87.230000
3.000000 85.960000
3.033333 85.780000
3.066667 86.440000
3.100000 86.480000
3.133333 87.080000
3.166667 87.270000
3.200000 87.440000
3.233333 87.380000
3.266667 86.790000
3.300000 87.140000
3.333333 87.390000
3.366667 86.770000
3.400000 86.780000
3.433333 87.360000
3.466667 86.970000
3.500000 87.070000
3.533333 87.220000
3.566667 88.340000
3.600000 88.870000
3.633333 88.310000
3.666667 87.280000
3.700000 86.470000
3.733333 86.840000
3.766667 86.760000
3.800000 87.000000
3.833333 87.160000
3.866667 87.900000
3.900000 88.020000
3.933333 88.420000
3.966667 88.680000
4.000000 88.560000
4.033333 88.920000
4.066667 88.850000
4.100000 89.080000
4.133333 88.710000
4.166667 87.720000
4.200000 87.980000
4.233333 89.280000
4.266667 89.670000
4.300000 89.620000
4.333333 89.470000
4.366667 88.910000
4.400000 88.980000
4.433333 89.330000
4.466667 89.350000
4.500000 90.160000
4.533333 90.800000
4.566667 91.270000
4.600000 91.300000
4.633333 91.040000
4.666667 90.750000
4.700000 89.880000
4.733333 89.590000
4.766667 89.070000
4.800000 89.630000
4.833333 90.270000
4.866667 90.790000
4.900000 90.950000
4.933333 91.000000
4.966667 90.860000
5.000000 90.720000
