3.333333333333333287e-02 5.099999999999999645e+00
6.666666666666666574e-02 5.099999999999999645e+00
1.000000000000000056e-01 5.219999999999999751e+00
1.333333333333333315e-01 6.740000000000000213e+00
1.666666666666666574e-01 1.393999999999999950e+01
2.000000000000000111e-01 1.757999999999999829e+01
2.333333333333333370e-01 1.946000000000000085e+01
2.666666666666666630e-01 2.028000000000000114e+01
2.999999999999999889e-01 2.121999999999999886e+01
3.333333333333333148e-01 2.255999999999999872e+01
3.666666666666666408e-01 2.280000000000000071e+01
4.000000000000000222e-01 2.196000000000000085e+01
4.333333333333333481e-01 2.200000000000000000e+01
4.666666666666666741e-01 2.062000000000000099e+01
5.000000000000000000e-01 2.121999999999999886e+01
5.333333333333333259e-01 2.083999999999999986e+01
5.666666666666666519e-01 2.216000000000000014e+01
5.999999999999999778e-01 2.230000000000000071e+01
6.333333333333333037e-01 2.405999999999999872e+01
6.666666666666666297e-01 2.419999999999999929e+01
6.999999999999999556e-01 2.598000000000000043e+01
7.333333333333332815e-01 2.700000000000000000e+01
7.666666666666667185e-01 2.960000000000000142e+01
8.000000000000000444e-01 2.983999999999999986e+01
8.333333333333333703e-01 3.110000000000000142e+01
8.666666666666666963e-01 3.214000000000000057e+01
9.000000000000000222e-01 3.356000000000000227e+01
9.333333333333333481e-01 3.907999999999999829e+01
9.666666666666666741e-01 4.389999999999999858e+01
1.000000000000000000e+00 4.660000000000000142e+01
1.033333333333333437e+00 4.839999999999999858e+01
1.066666666666666652e+00 5.071999999999999886e+01
1.100000000000000089e+00 5.103999999999999915e+01
1.133333333333333304e+00 5.415999999999999659e+01
1.166666666666666741e+00 6.003999999999999915e+01
1.199999999999999956e+00 5.774000000000000199e+01
1.233333333333333393e+00 6.182000000000000028e+01
1.266666666666666607e+00 6.315999999999999659e+01
1.300000000000000044e+00 6.357999999999999829e+01
1.333333333333333259e+00 6.564000000000000057e+01
1.366666666666666696e+00 6.920000000000000284e+01
1.399999999999999911e+00 6.868000000000000682e+01
1.433333333333333348e+00 7.035999999999999943e+01
1.466666666666666563e+00 7.140000000000000568e+01
1.500000000000000000e+00 7.200000000000000000e+01
1.533333333333333437e+00 7.270000000000000284e+01
1.566666666666666652e+00 7.507999999999999829e+01
1.600000000000000089e+00 7.392000000000000171e+01
1.633333333333333304e+00 7.562000000000000455e+01
1.666666666666666741e+00 7.643999999999999773e+01
1.699999999999999956e+00 7.618000000000000682e+01
1.733333333333333393e+00 7.778000000000000114e+01
1.766666666666666607e+00 7.754000000000000625e+01
1.800000000000000044e+00 7.843999999999999773e+01
1.833333333333333259e+00 7.923999999999999488e+01
1.866666666666666696e+00 7.956000000000000227e+01
1.899999999999999911e+00 7.909999999999999432e+01
1.933333333333333348e+00 7.940000000000000568e+01
1.966666666666666563e+00 8.042000000000000171e+01
2.000000000000000000e+00 7.979999999999999716e+01
2.033333333333333215e+00 8.123999999999999488e+01
2.066666666666666874e+00 8.009999999999999432e+01
2.100000000000000089e+00 7.865999999999999659e+01
2.133333333333333304e+00 8.040000000000000568e+01
2.166666666666666519e+00 8.157999999999999829e+01
2.200000000000000178e+00 8.106000000000000227e+01
2.233333333333333393e+00 8.271999999999999886e+01
2.266666666666666607e+00 8.214000000000000057e+01
2.299999999999999822e+00 8.081999999999999318e+01
2.333333333333333481e+00 8.187999999999999545e+01
2.366666666666666696e+00 8.306000000000000227e+01
2.399999999999999911e+00 8.268000000000000682e+01
2.433333333333333126e+00 8.328000000000000114e+01
2.466666666666666785e+00 8.364000000000000057e+01
2.500000000000000000e+00 8.318000000000000682e+01
2.533333333333333215e+00 8.259999999999999432e+01
2.566666666666666874e+00 8.371999999999999886e+01
2.600000000000000089e+00 8.435999999999999943e+01
2.633333333333333304e+00 8.393999999999999773e+01
2.666666666666666519e+00 8.429999999999999716e+01
2.700000000000000178e+00 8.440000000000000568e+01
2.733333333333333393e+00 8.487999999999999545e+01
2.766666666666666607e+00 8.450000000000000000e+01
2.799999999999999822e+00 8.437999999999999545e+01
2.833333333333333481e+00 8.450000000000000000e+01
2.866666666666666696e+00 8.495999999999999375e+01
2.899999999999999911e+00 8.506000000000000227e+01
2.933333333333333126e+00 8.534000000000000341e+01
2.966666666666666785e+00 8.571999999999999886e+01
3.000000000000000000e+00 8.565999999999999659e+01
3.033333333333333215e+00 8.590000000000000568e+01
3.066666666666666874e+00 8.601999999999999602e+01
3.100000000000000089e+00 8.618000000000000682e+01
3.133333333333333304e+00 8.640000000000000568e+01
3.166666666666666519e+00 8.640000000000000568e+01
3.200000000000000178e+00 8.615999999999999659e+01
3.233333333333333393e+00 8.587999999999999545e+01
3.266666666666666607e+00 8.614000000000000057e+01
3.299999999999999822e+00 8.637999999999999545e+01
3.333333333333333481e+00 8.668000000000000682e+01
3.366666666666666696e+00 8.657999999999999829e+01
3.399999999999999911e+00 8.704000000000000625e+01
3.433333333333333126e+00 8.723999999999999488e+01
3.466666666666666785e+00 8.728000000000000114e+01
3.500000000000000000e+00 8.742000000000000171e+01
3.533333333333333215e+00 8.745999999999999375e+01
3.566666666666666874e+00 8.745999999999999375e+01
3.600000000000000089e+00 8.784000000000000341e+01
3.633333333333333304e+00 8.795999999999999375e+01
3.666666666666666519e+00 8.785999999999999943e+01
3.700000000000000178e+00 8.776000000000000512e+01
3.733333333333333393e+00 8.773999999999999488e+01
3.766666666666666607e+00 8.804000000000000625e+01
3.799999999999999822e+00 8.812000000000000455e+01
3.833333333333333481e+00 8.773999999999999488e+01
3.866666666666666696e+00 8.806000000000000227e+01
3.899999999999999911e+00 8.823999999999999488e+01
3.933333333333333126e+00 8.768000000000000682e+01
3.966666666666666785e+00 8.829999999999999716e+01
4.000000000000000000e+00 8.885999999999999943e+01
4.033333333333333215e+00 8.871999999999999886e+01
4.066666666666666430e+00 8.857999999999999829e+01
4.099999999999999645e+00 8.842000000000000171e+01
4.133333333333333748e+00 8.879999999999999716e+01
4.166666666666666963e+00 8.876000000000000512e+01
4.200000000000000178e+00 8.895999999999999375e+01
4.233333333333333393e+00 8.901999999999999602e+01
4.266666666666666607e+00 8.893999999999999773e+01
4.299999999999999822e+00 8.931999999999999318e+01
4.333333333333333037e+00 8.895999999999999375e+01
4.366666666666666252e+00 8.893999999999999773e+01
4.400000000000000355e+00 8.928000000000000114e+01
4.433333333333333570e+00 8.934000000000000341e+01
4.466666666666666785e+00 8.942000000000000171e+01
4.500000000000000000e+00 8.973999999999999488e+01
4.533333333333333215e+00 8.951999999999999602e+01
4.566666666666666430e+00 8.970000000000000284e+01
4.599999999999999645e+00 9.014000000000000057e+01
4.633333333333333748e+00 9.021999999999999886e+01
4.666666666666666963e+00 9.018000000000000682e+01
4.700000000000000178e+00 8.990000000000000568e+01
4.733333333333333393e+00 8.976000000000000512e+01
4.766666666666666607e+00 8.992000000000000171e+01
4.799999999999999822e+00 9.018000000000000682e+01
4.833333333333333037e+00 9.001999999999999602e+01
4.866666666666666252e+00 9.040000000000000568e+01
4.900000000000000355e+00 9.048000000000000398e+01
4.933333333333333570e+00 9.015999999999999659e+01
4.966666666666666785e+00 9.018000000000000682e+01
5.000000000000000000e+00 9.045999999999999375e+01
