-1.348127238642217 0.3346185678896866 
-1.4642570242580741 0.5406678271733273 
-1.4335777491609514 0.49256004812136106 
-1.1548467190789933 0.015023056085394948 
-1.1814433284484218 0.06607175343464344 
-1.2216992813121248 0.1407676171866572 
-1.4724494060308082 0.5798727009537814 
-1.0271156782517072 -0.1860882345349093 
-1.5108727471950272 0.6564003636294804 
-1.0882814259276938 -0.07018873298507028 
-1.3093551420521519 0.31754031118262005 
-0.8658428928315279 -0.44526726583101395 
-1.2654710978806816 0.25157675983874256 
-1.1720055136748484 0.09477281248765712 
-1.1312980942941442 0.02930422860021764 
-1.305576980252749 0.336021682702477 
-1.0959363731389575 -0.021905407916886444 
-0.8678995763854533 -0.4116801314601494 
-1.5439862920234702 0.7637711132238902 
-1.0789541326059493 -0.03629190711408098 
-0.9456920330775894 -0.26199190503131997 
-1.0502449527617532 -0.07598461007956775 
-0.9942483743948968 -0.16792191018718494 
-0.818592775600211 -0.4670138783676019 
-1.3452431700440244 0.4497319932963025 
-1.2835824781101628 0.3479889337757774 
-0.9009606932933981 -0.3094045766904219 
-1.1896508678129463 0.19538262945295853 
-0.9661599706447683 -0.18652219580496399 
-1.1242162398273816 0.09211053236951061 
-0.9293486390351288 -0.24024140971500801 
-1.1693981225387913 0.18033863706670344 
-1.142965182471553 0.13958214770854027 
-0.7941195492084322 -0.45933781484748043 
-1.0832003136215378 0.046125583692120276 
-0.7768674667241692 -0.47919589780530886 
-1.0863260548793825 0.06154575471171281 
-0.8336116308728653 -0.3709510775714051 
-1.0514415011144904 0.011162194256390479 
-0.9757871747424803 -0.10980232768127096 
-1.0051589176985372 -0.053949296526345336 
-0.9785554292789348 -0.08999660939448878 
-1.07524216792125 0.08239268904602237 
-1.192520394569705 0.29543456995617456 
-1.0085023300228366 -0.01813456685699394 
-0.7935101191802734 -0.38532639731901286 
-1.1392461702922907 0.21821909372577475 
-1.0989821877160877 0.15351819123602078 
-0.8647343622849581 -0.24700911560187272 
-0.878156732401278 -0.21876776825291433 
-1.0826849994727172 0.1403176601268568 
-1.1012642642891595 0.17748666546658504 
-1.0448958327242384 0.08490561008217018 
-0.8786970670473246 -0.19281018061051156 
-1.0196419273429842 0.05619913751463251 
-0.8510966029296876 -0.23058346590484224 
-0.8390587936418793 -0.2464189879358834 
-0.787666864127825 -0.33038468254912506 
-0.8429679928674143 -0.22964248811913374 
-0.8165428093559965 -0.2653811180819794 
-0.8795482225727734 -0.1513012037884628 
-0.7425500649843101 -0.3834690957647898 
-1.02782555281313 0.12041100822732403 
-0.8983026330900834 -0.09881569124016415 
-0.8807217233848295 -0.12424747373668976 
-0.9761483609116619 0.04596032741776068 
-0.9451343765793512 -0.0027269029807763245 
-0.6901507760265652 -0.43414772094887916 
-0.7454007407623928 -0.33349410205776986 
-0.790541004746187 -0.25034247922274533 
-0.9914867675209648 0.11254975098618009 
-0.9344302711595697 0.018777512237431515 
-1.0203538811713941 0.1775380261542061 
-0.8476650127022801 -0.11641791438986576 
-0.7601765495307601 -0.2578697900754146 
-0.6572267485314707 -0.43109289057311884 
-0.7578287502028919 -0.2519254569756235 
-0.6614695012078178 -0.4087345091302173 
-0.8124189195814469 -0.14240521880032994 
-0.7655750943991912 -0.2184971982532303 
-0.6728214091827327 -0.37406870029164346 
-0.6651086985455731 -0.3824165764088722 
-0.7614817258561695 -0.195557084025255 
-0.6874726698578375 -0.283646713431323 
-0.6834113495382359 -0.2856732729730562 
-0.6048049389598985 -0.39673517351782706 
-0.6047798097009679 -0.3867698151292354 
-0.8234135900842217 -0.0032648075346422 
-0.70507808618688 -0.15808388121104605 
-0.5717063047901512 -0.38397376126967614 
-0.6689780299352435 -0.17053627998107387 
-0.5485934197195163 -0.36893823262239117 
-0.6810445741507563 -0.10961113116387763 
-0.5389302102995295 -0.2805742044174159 
-0.12374193403953052 -0.09354947646703023 
-0.14721314854112924 0.0021328237303914477 
-0.10513010466796302 0.019358077657306225 
-0.07210168908281761 -0.012798827756461642 
-0.10643792130476777 0.05164876753871951 
-0.2733255041821793 0.38060135599249156 
-0.11400735396002368 0.11980177384448672 
-0.04912799219167889 0.01749095814633678 
-0.19932590301850844 0.2925280948729841 
-0.22153404686562403 0.36600603216278854 
-0.20343891238352596 0.3396840195558954 
-0.15654525126580235 0.2635057637267301 
-0.16617892386149474 0.28518808715498684 
-0.1276735101620376 0.2335404957540638 
-0.15250633786368653 0.28654015113694337 
-0.01977874628178639 0.061765497718056915 
-0.034057569966680086 0.09649397562419476 
-0.16918980068457726 0.33544042221231324 
-0.1086902682011954 0.2457164337295201 
-0.05156811288474074 0.16183938803022932 
-0.11355876263700919 0.2741625355717612 
-0.05994630764468257 0.18635264921472933 
-0.08085973694272297 0.2325670102466971 
-0.09750157801430376 0.27138636304583696 
-0.1910738822828252 0.43838392740202237 
-0.33911430583282093 0.6996771422654658 
-0.28779756020743374 0.6158416066109519 
-0.2611574738526978 0.5747265039173657 
0.03521541459284777 0.07165221457252308 
0.02118647506934134 0.10594809098882965 
-0.03306392781372794 0.20487126028168845 
-0.45215996705233474 0.9354181586240893 
-0.09764023357098232 0.32667514768344214 
-0.14101037861015425 0.4067623262240743 
-0.1595847082382274 0.44392278772561305 
-0.14370200180295634 0.42643537970630196 
-0.05578419946974761 0.28424022857681025 
-0.2306925857438484 0.5920474787382557 
-0.3700694235157743 0.8383422235343403 
0.005700636805379758 0.19281047416680044 
-0.26081608274051443 0.6592108149600261 
-0.2551214633685785 0.6543566748327238 
-0.0957250671637739 0.38341277023825876 
-0.09632625364567189 0.38945798034162565 
-0.2495319281910498 0.6596933196820658 
-0.07824354016455513 0.3681619022553984 
-0.08300349928031908 0.3864112445042515 
-0.3591801712229834 0.869534973347933 
0.08781250887287877 0.10070204613393373 
-0.2341071249058808 0.6630163620469641 
-0.18534909371693253 0.5836104936074956 
-0.09774580751705686 0.4369554041797487 
-0.17697092135142817 0.579114995923947 
-0.1997878193582967 0.6236202262623286 
-0.13078614352813583 0.5091683957947537 
-0.2667366964680021 0.7495315284602155 
0.049159953223025896 0.20765311388619356 
-0.06661390634372855 0.41308619110268435 
-0.06945406916398977 0.42300753522869455 
-0.21651582765331207 0.6826064771900757 
0.04691162615751587 0.2315631606951425 
-0.09900149469410138 0.494178003031413 
-0.11928081394422169 0.5342901564151005 
-0.08988832561475354 0.48841007306698464 
-0.03095853421721878 0.3913947707361799 
-0.01351683464062653 0.36620398994510206 
-0.14129760163787813 0.592423522829142 
-0.0005708055506534193 0.3538005815985865 
0.05346613102359378 0.265255829279161 
-0.027164809148973373 0.40984919899860667 
-0.23044794579812694 0.7667790474779769 
-0.06967469508938429 0.4934515211830493 
-0.37305863415511986 1.0236766918561597 
-0.40647168095210406 1.0865260610452376 
-0.1254922701897176 0.6050966541132603 
-0.3310392068342274 0.9659456115318856 
-0.17273562077822815 0.6968935887431794 
-0.3052184167165935 0.9312533123214316 
-0.17095958554053386 0.7038277644799268 
0.14437393116582048 0.1629242503029153 
-0.13253863385590772 0.6473219632222265 
-0.05283957061854144 0.5143507287877574 
-0.2371005237703134 0.8383492186923126 
-0.14649829686198876 0.6865023387517607 
-0.35863503597595825 1.05875961572996 
-0.3107620109857241 0.980885877210003 
-0.3107534538210281 0.9858754941598573 
-0.16794519362668664 0.7436491053607558 
-0.0520032478254909 0.5479338982557113 
0.011408341137615019 0.44315967157682284 
-0.14334442266573022 0.7160733444066004 
-0.0024417978582161604 0.477146007067344 
-0.13768062767790443 0.7162769988863146 
0.021974122364705334 0.4448858300294104 
-0.14854789751512193 0.7450993670616438 
-0.21878751853822223 0.8717032006679752 
-0.36996856501173003 1.138433487445729 
-0.3318682073795092 1.077478270032638 
0.0825430782197488 0.365050517607478 
0.015448242531162837 0.48621007329976373 
-0.031508336472721415 0.5725061154502493 
0.12351635600068572 0.31413497104680993 
-0.09922862253496936 0.7047573182752833 
0.02520272459473083 0.4993496218196279 
0.16656291227082368 0.27464344147445796 
-0.04671720019169459 0.6488801356805023 
