0.033333 7.500000
0.066667 7.480000
0.100000 8.240000
0.133333 8.580000
0.166667 8.580000
0.200000 8.580000
0.233333 8.580000
0.266667 8.740000
0.300000 9.800000
0.333333 9.800000
0.366667 9.800000
0.400000 9.800000
0.433333 9.820000
0.466667 10.840000
0.500000 9.540000
0.533333 9.380000
0.566667 9.640000
0.600000 10.400000
0.633333 10.880000
0.666667 9.960000
0.700000 9.680000
0.733333 9.700000
0.766667 9.680000
0.800000 9.400000
0.833333 10.540000
0.866667 11.340000
0.900000 11.460000
0.933333 11.500000
0.966667 11.920000
1.000000 12.700000
1.033333 13.880000
1.066667 14.940000
1.100000 14.920000
1.133333 14.340000
1.166667 14.100000
1.200000 14.460000
1.233333 15.060000
1.266667 15.600000
1.300000 16.060000
1.333333 17.140000
1.366667 18.180000
1.400000 19.320000
1.433333 18.700000
1.466667 18.480000
1.500000 19.200000
1.533333 20.000000
1.566667 19.800000
1.600000 20.640000
1.633333 20.980000
1.666667 22.280000
1.700000 22.400000
1.733333 23.260000
1.766667 23.240000
1.800000 22.000000
1.833333 22.620000
1.866667 22.000000
1.900000 22.900000
1.933333 25.440000
1.966667 25.560000
2.000000 24.800000
2.033333 25.240000
2.066667 26.920000
2.100000 25.320000
2.133333 24.700000
2.166667 24.880000
2.200000 24.400000
2.233333 25.220000
2.266667 26.960000
2.300000 27.080000
2.333333 27.500000
2.366667 28.620000
2.400000 29.580000
2.433333 30.640000
2.466667 29.740000
2.500000 28.780000
2.533333 28.880000
2.566667 29.860000
2.600000 29.620000
2.633333 28.660000
2.666667 31.360000
2.700000 31.600000
2.733333 31.540000
2.766667 33.280000
2.800000 32.920000
2.833333 33.340000
2.866667 32.100000
2.900000 34.440000
2.933333 35.720000
2.966667 34.700000
3.000000 33.280000
3.033333 34.820000
3.066667 36.400000
3.100000 34.040000
3.133333 33.280000
3.166667 35.360000
3.200000 35.520000
3.233333 36.500000
3.266667 38.240000
3.300000 38.680000
3.333333 38.680000
3.366667 38.060000
3.400000 39.900000
3.433333 40.500000
3.466667 40.640000
3.500000 39.380000
3.533333 39.440000
3.566667 41.780000
3.600000 42.700000
3.633333 39.360000
3.666667 41.020000
3.700000 42.740000
3.733333 42.360000
3.766667 43.580000
3.800000 45.000000
3.833333 45.260000
3.866667 43.800000
3.900000 45.960000
3.933333 46.480000
3.966667 46.100000
4.000000 44.080000
4.033333 46.880000
4.066667 48.020000
4.100000 46.440000
4.133333 46.060000
4.166667 47.280000
4.200000 47.160000
4.233333 48.000000
4.266667 49.340000
4.300000 49.580000
4.333333 49.780000
4.366667 50.440000
4.400000 50.460000
4.433333 52.240000
4.466667 53.140000
4.500000 52.060000
4.533333 51.540000
4.566667 52.700000
4.600000 53.280000
4.633333 51.300000
4.666667 53.820000
4.700000 54.260000
4.733333 54.620000
4.766667 55.320000
4.800000 55.920000
4.833333 55.940000
4.866667 54.940000
4.900000 55.940000
4.933333 57.100000
4.966667 56.440000
5.000000 54.960000
