0.016667 10.420000
0.033333 13.090000
0.050000 26.250000
0.066667 32.810000
0.083333 37.760000
0.100000 41.080000
0.116667 43.900000
0.133333 46.210000
0.150000 46.820000
0.166667 45.220000
0.183333 41.450000
0.200000 37.260000
0.216667 35.430000
0.233333 35.030000
0.250000 35.430000
0.266667 35.980000
0.283333 37.330000
0.300000 38.710000
0.316667 42.360000
0.333333 48.620000
0.350000 54.340000
0.366667 59.910000
0.383333 63.600000
0.400000 66.340000
0.416667 66.050000
0.433333 66.670000
0.450000 67.140000
0.466667 66.460000
0.483333 67.390000
0.500000 68.170000
0.516667 67.700000
0.533333 68.730000
0.550000 72.870000
0.566667 75.190000
0.583333 74.490000
0.600000 75.100000
0.616667 74.740000
0.633333 75.930000
0.650000 76.920000
0.666667 76.800000
0.683333 76.300000
0.700000 77.270000
0.716667 77.580000
0.733333 77.450000
0.750000 77.520000
0.766667 77.960000
0.783333 78.040000
0.800000 77.670000
0.816667 78.420000
0.833333 79.060000
0.850000 78.480000
0.866667 77.580000
0.883333 78.160000
0.900000 79.230000
0.916667 79.480000
0.933333 79.100000
0.950000 79.570000
0.966667 79.960000
0.983333 79.620000
1.000000 79.520000
1.016667 79.550000
1.033333 79.990000
1.050000 80.520000
1.066667 80.580000
1.083333 80.150000
1.100000 80.380000
1.116667 80.690000
1.133333 80.480000
1.150000 80.740000
1.166667 80.470000
1.183333 80.290000
1.200000 80.370000
1.216667 81.120000
1.233333 81.510000
1.250000 81.540000
1.266667 81.350000
1.283333 81.520000
1.300000 81.960000
1.316667 82.220000
1.333333 82.410000
1.350000 82.230000
1.366667 82.070000
1.383333 82.440000
1.400000 82.560000
1.416667 82.400000
1.433333 82.200000
1.450000 82.170000
1.466667 82.430000
1.483333 82.580000
1.500000 82.790000
1.516667 82.880000
1.533333 82.850000
1.550000 82.850000
1.566667 83.030000
1.583333 83.080000
1.600000 83.010000
1.616667 82.820000
1.633333 82.830000
1.650000 82.740000
1.666667 82.840000
1.683333 82.980000
1.700000 83.270000
1.716667 83.180000
1.733333 83.200000
1.750000 83.230000
1.766667 83.300000
1.783333 83.420000
1.800000 83.760000
1.816667 83.650000
1.833333 83.570000
1.850000 83.570000
1.866667 83.520000
1.883333 83.570000
1.900000 83.850000
1.916667 83.980000
1.933333 83.850000
1.950000 83.700000
1.966667 83.880000
1.983333 83.750000
2.000000 83.550000
2.016667 83.370000
2.033333 83.170000
2.050000 83.440000
2.066667 84.140000
2.083333 84.380000
2.100000 84.470000
2.116667 84.200000
2.133333 84.240000
2.150000 84.280000
2.166667 84.380000
2.183333 84.480000
2.200000 84.550000
2.216667 84.330000
2.233333 84.250000
2.250000 84.300000
2.266667 84.550000
2.283333 84.730000
2.300000 84.620000
2.316667 84.540000
2.333333 84.580000
2.350000 84.620000
2.366667 84.850000
2.383333 84.850000
2.400000 84.860000
2.416667 84.970000
2.433333 84.910000
2.450000 84.870000
2.466667 84.890000
2.483333 85.040000
2.500000 84.910000
2.516667 84.620000
2.533333 84.510000
2.550000 84.690000
2.566667 85.030000
2.583333 85.240000
2.600000 85.210000
2.616667 85.120000
2.633333 85.130000
2.650000 85.090000
2.666667 85.340000
2.683333 85.400000
2.700000 85.440000
2.716667 85.430000
2.733333 85.440000
2.750000 85.380000
2.766667 85.390000
2.783333 85.470000
2.800000 85.580000
2.816667 85.740000
2.833333 85.620000
2.850000 85.530000
2.866667 85.390000
2.883333 85.520000
2.900000 85.590000
2.916667 85.670000
2.933333 85.860000
2.950000 85.880000
2.966667 85.800000
2.983333 85.710000
3.000000 85.700000
3.016667 85.560000
3.033333 85.550000
3.050000 85.730000
3.066667 85.860000
3.083333 85.760000
3.100000 85.790000
3.116667 85.900000
3.133333 86.020000
3.150000 86.030000
3.166667 86.080000
3.183333 86.060000
3.200000 86.050000
3.216667 86.110000
3.233333 86.110000
3.250000 86.060000
3.266667 86.140000
3.283333 86.140000
3.300000 86.080000
3.316667 86.160000
3.333333 86.090000
3.350000 86.200000
3.366667 86.150000
3.383333 86.110000
3.400000 86.210000
3.416667 86.260000
3.433333 86.190000
3.450000 86.380000
3.466667 86.250000
3.483333 86.250000
3.500000 86.290000
3.516667 86.370000
3.533333 86.120000
3.550000 86.100000
3.566667 85.930000
3.583333 86.030000
3.600000 86.150000
3.616667 86.140000
3.633333 86.190000
3.650000 86.340000
3.666667 86.280000
3.683333 86.190000
3.700000 86.190000
3.716667 86.270000
3.733333 86.330000
3.750000 86.270000
3.766667 86.280000
3.783333 86.400000
3.800000 86.530000
3.816667 86.740000
3.833333 86.830000
3.850000 86.830000
3.866667 86.620000
3.883333 86.520000
3.900000 86.590000
3.916667 86.770000
3.933333 86.790000
3.950000 86.760000
3.966667 86.700000
3.983333 86.560000
4.000000 86.530000
4.016667 86.460000
4.033333 86.460000
4.050000 86.520000
4.066667 86.610000
4.083333 86.750000
4.100000 86.870000
4.116667 86.890000
4.133333 86.970000
4.150000 87.070000
4.166667 87.010000
4.183333 87.000000
4.200000 86.920000
4.216667 86.860000
4.233333 86.800000
4.250000 86.830000
4.266667 86.860000
4.283333 86.900000
4.300000 86.890000
4.316667 86.760000
4.333333 86.670000
4.350000 86.680000
4.366667 86.650000
4.383333 86.780000
4.400000 86.850000
4.416667 86.900000
4.433333 86.970000
4.450000 87.020000
4.466667 87.120000
4.483333 87.160000
4.500000 87.140000
4.516667 87.190000
4.533333 87.140000
4.550000 87.120000
4.566667 86.990000
4.583333 86.890000
4.600000 86.920000
4.616667 86.880000
4.633333 86.970000
4.650000 87.010000
4.666667 87.000000
4.683333 86.890000
4.700000 86.830000
4.716667 86.940000
4.733333 86.890000
4.750000 87.060000
4.766667 87.230000
4.783333 87.190000
4.800000 86.860000
4.816667 86.690000
4.833333 86.680000
4.850000 87.090000
4.866667 87.220000
4.883333 87.120000
4.900000 87.030000
4.916667 86.980000
4.933333 87.100000
4.950000 87.370000
4.966667 87.410000
4.983333 87.150000
5.000000 86.820000
