0.033333 10.240000
0.066667 10.240000
0.100000 10.240000
0.133333 10.240000
0.166667 10.240000
0.200000 10.240000
0.233333 10.240000
0.266667 10.240000
0.300000 10.240000
0.333333 10.240000
0.366667 10.240000
0.400000 10.240000
0.433333 10.280000
0.466667 11.080000
0.500000 11.560000
0.533333 12.460000
0.566667 13.720000
0.600000 14.940000
0.633333 15.180000
0.666667 15.940000
0.700000 15.260000
0.733333 15.160000
0.766667 15.440000
0.800000 16.560000
0.833333 17.380000
0.866667 16.700000
0.900000 17.000000
0.933333 18.720000
0.966667 18.520000
1.000000 19.440000
1.033333 19.240000
1.066667 18.940000
1.100000 20.500000
1.133333 22.380000
1.166667 22.440000
1.200000 22.960000
1.233333 23.460000
1.266667 23.080000
1.300000 23.320000
1.333333 24.160000
1.366667 25.200000
1.400000 25.560000
1.433333 26.120000
1.466667 26.760000
1.500000 26.680000
1.533333 27.420000
1.566667 29.460000
1.600000 31.420000
1.633333 32.100000
1.666667 32.920000
1.700000 32.940000
1.733333 32.440000
1.766667 33.120000
1.800000 35.560000
1.833333 37.340000
1.866667 39.220000
1.900000 40.960000
1.933333 42.320000
1.966667 44.400000
2.000000 45.780000
2.033333 47.040000
2.066667 46.780000
2.100000 46.320000
2.133333 47.280000
2.166667 50.340000
2.200000 54.060000
2.233333 56.760000
2.266667 57.860000
2.300000 58.680000
2.333333 60.480000
2.366667 61.820000
2.400000 63.680000
2.433333 64.560000
2.466667 67.620000
2.500000 69.020000
2.533333 68.160000
2.566667 69.340000
2.600000 72.000000
2.633333 73.460000
2.666667 74.220000
2.700000 74.920000
2.733333 74.320000
2.766667 74.980000
2.800000 77.200000
2.833333 78.180000
2.866667 78.900000
2.900000 79.220000
2.933333 79.760000
2.966667 80.240000
3.000000 79.720000
3.033333 80.620000
3.066667 81.820000
3.100000 81.720000
3.133333 82.340000
3.166667 82.580000
3.200000 82.500000
3.233333 83.080000
3.266667 83.260000
3.300000 83.680000
3.333333 83.960000
3.366667 83.420000
3.400000 83.480000
3.433333 84.100000
3.466667 85.160000
3.500000 85.200000
3.533333 85.220000
3.566667 85.480000
3.600000 85.680000
3.633333 85.980000
3.666667 85.640000
3.700000 86.320000
3.733333 86.880000
3.766667 86.680000
3.800000 86.700000
3.833333 86.860000
3.866667 87.540000
3.900000 87.960000
3.933333 88.260000
3.966667 88.040000
4.000000 87.960000
4.033333 87.520000
4.066667 87.880000
4.100000 88.760000
4.133333 89.000000
4.166667 88.820000
4.200000 88.640000
4.233333 88.820000
4.266667 89.060000
4.300000 88.660000
4.333333 88.100000
4.366667 88.240000
4.400000 88.800000
4.433333 89.500000
4.466667 89.780000
4.500000 89.720000
4.533333 89.840000
4.566667 89.800000
4.600000 89.840000
4.633333 90.180000
4.666667 90.140000
4.700000 90.140000
4.733333 90.460000
4.766667 90.380000
4.800000 90.540000
4.833333 90.920000
4.866667 90.820000
4.900000 90.880000
4.933333 91.020000
4.966667 91.000000
5.000000 91.180000
