3.333333333333333287e-02 9.240000000000000213e+00
6.666666666666666574e-02 1.067999999999999972e+01
1.000000000000000056e-01 1.058000000000000007e+01
1.333333333333333315e-01 9.759999999999999787e+00
1.666666666666666574e-01 9.259999999999999787e+00
2.000000000000000111e-01 8.980000000000000426e+00
2.333333333333333370e-01 9.060000000000000497e+00
2.666666666666666630e-01 9.099999999999999645e+00
2.999999999999999889e-01 9.320000000000000284e+00
3.333333333333333148e-01 1.011999999999999922e+01
3.666666666666666408e-01 1.040000000000000036e+01
4.000000000000000222e-01 9.660000000000000142e+00
4.333333333333333481e-01 1.003999999999999915e+01
4.666666666666666741e-01 1.061999999999999922e+01
5.000000000000000000e-01 1.143999999999999950e+01
5.333333333333333259e-01 1.240000000000000036e+01
5.666666666666666519e-01 1.251999999999999957e+01
5.999999999999999778e-01 1.382000000000000028e+01
6.333333333333333037e-01 1.340000000000000036e+01
6.666666666666666297e-01 1.343999999999999950e+01
6.999999999999999556e-01 1.425999999999999979e+01
7.333333333333332815e-01 1.385999999999999943e+01
7.666666666666667185e-01 1.385999999999999943e+01
8.000000000000000444e-01 1.459999999999999964e+01
8.333333333333333703e-01 1.501999999999999957e+01
8.666666666666666963e-01 1.564000000000000057e+01
9.000000000000000222e-01 1.721999999999999886e+01
9.333333333333333481e-01 1.957999999999999829e+01
9.666666666666666741e-01 2.073999999999999844e+01
1.000000000000000000e+00 2.173999999999999844e+01
1.033333333333333437e+00 2.310000000000000142e+01
1.066666666666666652e+00 2.303999999999999915e+01
1.100000000000000089e+00 2.280000000000000071e+01
1.133333333333333304e+00 2.398000000000000043e+01
1.166666666666666741e+00 2.644000000000000128e+01
1.199999999999999956e+00 2.687999999999999901e+01
1.233333333333333393e+00 2.878000000000000114e+01
1.266666666666666607e+00 2.830000000000000071e+01
1.300000000000000044e+00 3.062000000000000099e+01
1.333333333333333259e+00 2.982000000000000028e+01
1.366666666666666696e+00 3.274000000000000199e+01
1.399999999999999911e+00 3.198000000000000043e+01
1.433333333333333348e+00 3.353999999999999915e+01
1.466666666666666563e+00 3.560000000000000142e+01
1.500000000000000000e+00 3.785999999999999943e+01
1.533333333333333437e+00 4.075999999999999801e+01
1.566666666666666652e+00 4.325999999999999801e+01
1.600000000000000089e+00 4.579999999999999716e+01
1.633333333333333304e+00 4.985999999999999943e+01
1.666666666666666741e+00 5.088000000000000256e+01
1.699999999999999956e+00 4.888000000000000256e+01
1.733333333333333393e+00 5.193999999999999773e+01
1.766666666666666607e+00 5.843999999999999773e+01
1.800000000000000044e+00 5.735999999999999943e+01
1.833333333333333259e+00 6.057999999999999829e+01
1.866666666666666696e+00 6.174000000000000199e+01
1.899999999999999911e+00 6.093999999999999773e+01
1.933333333333333348e+00 6.493999999999999773e+01
1.966666666666666563e+00 6.787999999999999545e+01
2.000000000000000000e+00 6.701999999999999602e+01
2.033333333333333215e+00 6.854000000000000625e+01
2.066666666666666874e+00 6.895999999999999375e+01
2.100000000000000089e+00 7.009999999999999432e+01
2.133333333333333304e+00 7.226000000000000512e+01
2.166666666666666519e+00 7.337999999999999545e+01
2.200000000000000178e+00 7.364000000000000057e+01
2.233333333333333393e+00 7.409999999999999432e+01
2.266666666666666607e+00 7.528000000000000114e+01
2.299999999999999822e+00 7.585999999999999943e+01
2.333333333333333481e+00 7.598000000000000398e+01
2.366666666666666696e+00 7.748000000000000398e+01
2.399999999999999911e+00 7.668000000000000682e+01
2.433333333333333126e+00 7.507999999999999829e+01
2.466666666666666785e+00 7.687999999999999545e+01
2.500000000000000000e+00 7.870000000000000284e+01
2.533333333333333215e+00 7.773999999999999488e+01
2.566666666666666874e+00 7.951999999999999602e+01
2.600000000000000089e+00 8.057999999999999829e+01
2.633333333333333304e+00 7.970000000000000284e+01
2.666666666666666519e+00 8.018000000000000682e+01
2.700000000000000178e+00 8.114000000000000057e+01
2.733333333333333393e+00 8.135999999999999943e+01
2.766666666666666607e+00 8.126000000000000512e+01
2.799999999999999822e+00 8.173999999999999488e+01
2.833333333333333481e+00 8.179999999999999716e+01
2.866666666666666696e+00 8.179999999999999716e+01
2.899999999999999911e+00 8.178000000000000114e+01
2.933333333333333126e+00 8.271999999999999886e+01
2.966666666666666785e+00 8.320000000000000284e+01
3.000000000000000000e+00 8.307999999999999829e+01
3.033333333333333215e+00 8.371999999999999886e+01
3.066666666666666874e+00 8.414000000000000057e+01
3.100000000000000089e+00 8.359999999999999432e+01
3.133333333333333304e+00 8.334000000000000341e+01
3.166666666666666519e+00 8.518000000000000682e+01
3.200000000000000178e+00 8.512000000000000455e+01
3.233333333333333393e+00 8.457999999999999829e+01
3.266666666666666607e+00 8.479999999999999716e+01
3.299999999999999822e+00 8.490000000000000568e+01
3.333333333333333481e+00 8.512000000000000455e+01
3.366666666666666696e+00 8.620000000000000284e+01
3.399999999999999911e+00 8.607999999999999829e+01
3.433333333333333126e+00 8.542000000000000171e+01
3.466666666666666785e+00 8.590000000000000568e+01
3.500000000000000000e+00 8.587999999999999545e+01
3.533333333333333215e+00 8.535999999999999943e+01
3.566666666666666874e+00 8.643999999999999773e+01
3.600000000000000089e+00 8.721999999999999886e+01
3.633333333333333304e+00 8.679999999999999716e+01
3.666666666666666519e+00 8.793999999999999773e+01
3.700000000000000178e+00 8.735999999999999943e+01
3.733333333333333393e+00 8.645999999999999375e+01
3.766666666666666607e+00 8.729999999999999716e+01
3.799999999999999822e+00 8.787999999999999545e+01
3.833333333333333481e+00 8.768000000000000682e+01
3.866666666666666696e+00 8.784000000000000341e+01
3.899999999999999911e+00 8.868000000000000682e+01
3.933333333333333126e+00 8.829999999999999716e+01
3.966666666666666785e+00 8.779999999999999716e+01
4.000000000000000000e+00 8.818000000000000682e+01
4.033333333333333215e+00 8.837999999999999545e+01
4.066666666666666430e+00 8.871999999999999886e+01
4.099999999999999645e+00 8.884000000000000341e+01
4.133333333333333748e+00 8.878000000000000114e+01
4.166666666666666963e+00 8.915999999999999659e+01
4.200000000000000178e+00 8.935999999999999943e+01
4.233333333333333393e+00 8.962000000000000455e+01
4.266666666666666607e+00 8.976000000000000512e+01
4.299999999999999822e+00 8.959999999999999432e+01
4.333333333333333037e+00 8.973999999999999488e+01
4.366666666666666252e+00 9.018000000000000682e+01
4.400000000000000355e+00 9.029999999999999716e+01
4.433333333333333570e+00 9.004000000000000625e+01
4.466666666666666785e+00 8.959999999999999432e+01
4.500000000000000000e+00 9.001999999999999602e+01
4.533333333333333215e+00 9.031999999999999318e+01
4.566666666666666430e+00 9.023999999999999488e+01
4.599999999999999645e+00 9.015999999999999659e+01
4.633333333333333748e+00 9.015999999999999659e+01
4.666666666666666963e+00 9.051999999999999602e+01
4.700000000000000178e+00 9.023999999999999488e+01
4.733333333333333393e+00 9.034000000000000341e+01
4.766666666666666607e+00 9.062000000000000455e+01
4.799999999999999822e+00 9.064000000000000057e+01
4.833333333333333037e+00 9.026000000000000512e+01
4.866666666666666252e+00 9.068000000000000682e+01
4.900000000000000355e+00 9.131999999999999318e+01
4.933333333333333570e+00 9.093999999999999773e+01
4.966666666666666785e+00 9.114000000000000057e+01
5.000000000000000000e+00 9.137999999999999545e+01
