3.333333333333333287e-02 9.619999999999999218e+00
6.666666666666666574e-02 9.369999999999999218e+00
1.000000000000000056e-01 1.018999999999999950e+01
1.333333333333333315e-01 9.390000000000000568e+00
1.666666666666666574e-01 8.869999999999999218e+00
2.000000000000000111e-01 8.880000000000000782e+00
2.333333333333333370e-01 8.900000000000000355e+00
2.666666666666666630e-01 8.919999999999999929e+00
2.999999999999999889e-01 8.919999999999999929e+00
3.333333333333333148e-01 8.710000000000000853e+00
3.666666666666666408e-01 8.419999999999999929e+00
4.000000000000000222e-01 7.209999999999999964e+00
4.333333333333333481e-01 8.480000000000000426e+00
4.666666666666666741e-01 1.240000000000000036e+01
5.000000000000000000e-01 1.532000000000000028e+01
5.333333333333333259e-01 1.701000000000000156e+01
5.666666666666666519e-01 1.837000000000000099e+01
5.999999999999999778e-01 1.726000000000000156e+01
6.333333333333333037e-01 1.516000000000000014e+01
6.666666666666666297e-01 1.683999999999999986e+01
6.999999999999999556e-01 2.001000000000000156e+01
7.333333333333332815e-01 2.008999999999999986e+01
7.666666666666667185e-01 2.007999999999999829e+01
8.000000000000000444e-01 2.412999999999999901e+01
8.333333333333333703e-01 2.637999999999999901e+01
8.666666666666666963e-01 2.753000000000000114e+01
9.000000000000000222e-01 2.928000000000000114e+01
9.333333333333333481e-01 3.092999999999999972e+01
9.666666666666666741e-01 3.173999999999999844e+01
1.000000000000000000e+00 3.596000000000000085e+01
1.033333333333333437e+00 3.804999999999999716e+01
1.066666666666666652e+00 3.778999999999999915e+01
1.100000000000000089e+00 3.852000000000000313e+01
1.133333333333333304e+00 4.110999999999999943e+01
1.166666666666666741e+00 4.467000000000000171e+01
1.199999999999999956e+00 4.643999999999999773e+01
1.233333333333333393e+00 4.936999999999999744e+01
1.266666666666666607e+00 5.003999999999999915e+01
1.300000000000000044e+00 5.178999999999999915e+01
1.333333333333333259e+00 5.102000000000000313e+01
1.366666666666666696e+00 5.372999999999999687e+01
1.399999999999999911e+00 5.393999999999999773e+01
1.433333333333333348e+00 5.542000000000000171e+01
1.466666666666666563e+00 5.725000000000000000e+01
1.500000000000000000e+00 5.927000000000000313e+01
1.533333333333333437e+00 6.247999999999999687e+01
1.566666666666666652e+00 6.481000000000000227e+01
1.600000000000000089e+00 6.717000000000000171e+01
1.633333333333333304e+00 6.990999999999999659e+01
1.666666666666666741e+00 7.101999999999999602e+01
1.699999999999999956e+00 6.950000000000000000e+01
1.733333333333333393e+00 7.185999999999999943e+01
1.766666666666666607e+00 7.634999999999999432e+01
1.800000000000000044e+00 7.584999999999999432e+01
1.833333333333333259e+00 7.809000000000000341e+01
1.866666666666666696e+00 7.845999999999999375e+01
1.899999999999999911e+00 7.800000000000000000e+01
1.933333333333333348e+00 8.057999999999999829e+01
1.966666666666666563e+00 8.264000000000000057e+01
2.000000000000000000e+00 8.231000000000000227e+01
2.033333333333333215e+00 8.306000000000000227e+01
2.066666666666666874e+00 8.312000000000000455e+01
2.100000000000000089e+00 8.390999999999999659e+01
2.133333333333333304e+00 8.525000000000000000e+01
2.166666666666666519e+00 8.593000000000000682e+01
2.200000000000000178e+00 8.604999999999999716e+01
2.233333333333333393e+00 8.631000000000000227e+01
2.266666666666666607e+00 8.687999999999999545e+01
2.299999999999999822e+00 8.729000000000000625e+01
2.333333333333333481e+00 8.735999999999999943e+01
2.366666666666666696e+00 8.815000000000000568e+01
2.399999999999999911e+00 8.770000000000000284e+01
2.433333333333333126e+00 8.679000000000000625e+01
2.466666666666666785e+00 8.782999999999999829e+01
2.500000000000000000e+00 8.890000000000000568e+01
2.533333333333333215e+00 8.831000000000000227e+01
2.566666666666666874e+00 8.934999999999999432e+01
2.600000000000000089e+00 8.987000000000000455e+01
2.633333333333333304e+00 8.931999999999999318e+01
2.666666666666666519e+00 8.968000000000000682e+01
2.700000000000000178e+00 9.012999999999999545e+01
2.733333333333333393e+00 9.029999999999999716e+01
2.766666666666666607e+00 9.026999999999999602e+01
2.799999999999999822e+00 9.054999999999999716e+01
2.833333333333333481e+00 9.053000000000000114e+01
2.866666666666666696e+00 9.053000000000000114e+01
2.899999999999999911e+00 9.053000000000000114e+01
2.933333333333333126e+00 9.109000000000000341e+01
2.966666666666666785e+00 9.131999999999999318e+01
3.000000000000000000e+00 9.128000000000000114e+01
3.033333333333333215e+00 9.160999999999999943e+01
3.066666666666666874e+00 9.179000000000000625e+01
3.100000000000000089e+00 9.143000000000000682e+01
3.133333333333333304e+00 9.131999999999999318e+01
3.166666666666666519e+00 9.240000000000000568e+01
3.200000000000000178e+00 9.234000000000000341e+01
3.233333333333333393e+00 9.207999999999999829e+01
3.266666666666666607e+00 9.217000000000000171e+01
3.299999999999999822e+00 9.220999999999999375e+01
3.333333333333333481e+00 9.229000000000000625e+01
3.366666666666666696e+00 9.287999999999999545e+01
3.399999999999999911e+00 9.287000000000000455e+01
3.433333333333333126e+00 9.251999999999999602e+01
3.466666666666666785e+00 9.279999999999999716e+01
3.500000000000000000e+00 9.273000000000000398e+01
3.533333333333333215e+00 9.243000000000000682e+01
3.566666666666666874e+00 9.303000000000000114e+01
3.600000000000000089e+00 9.348000000000000398e+01
3.633333333333333304e+00 9.331000000000000227e+01
3.666666666666666519e+00 9.389000000000000057e+01
3.700000000000000178e+00 9.354999999999999716e+01
3.733333333333333393e+00 9.303000000000000114e+01
3.766666666666666607e+00 9.348000000000000398e+01
3.799999999999999822e+00 9.379000000000000625e+01
3.833333333333333481e+00 9.367000000000000171e+01
3.866666666666666696e+00 9.384999999999999432e+01
3.899999999999999911e+00 9.426000000000000512e+01
3.933333333333333126e+00 9.400000000000000000e+01
3.966666666666666785e+00 9.373000000000000398e+01
4.000000000000000000e+00 9.393999999999999773e+01
4.033333333333333215e+00 9.406000000000000227e+01
4.066666666666666430e+00 9.423000000000000398e+01
4.099999999999999645e+00 9.426999999999999602e+01
4.133333333333333748e+00 9.428000000000000114e+01
4.166666666666666963e+00 9.446999999999999886e+01
4.200000000000000178e+00 9.459000000000000341e+01
4.233333333333333393e+00 9.475000000000000000e+01
4.266666666666666607e+00 9.481999999999999318e+01
4.299999999999999822e+00 9.475000000000000000e+01
4.333333333333333037e+00 9.481000000000000227e+01
4.366666666666666252e+00 9.504000000000000625e+01
4.400000000000000355e+00 9.507999999999999829e+01
4.433333333333333570e+00 9.493999999999999773e+01
4.466666666666666785e+00 9.470999999999999375e+01
4.500000000000000000e+00 9.490999999999999659e+01
4.533333333333333215e+00 9.506999999999999318e+01
4.566666666666666430e+00 9.504000000000000625e+01
4.599999999999999645e+00 9.501999999999999602e+01
4.633333333333333748e+00 9.504000000000000625e+01
4.666666666666666963e+00 9.523000000000000398e+01
4.700000000000000178e+00 9.503000000000000114e+01
4.733333333333333393e+00 9.507999999999999829e+01
4.766666666666666607e+00 9.525000000000000000e+01
4.799999999999999822e+00 9.526999999999999602e+01
4.833333333333333037e+00 9.509000000000000341e+01
4.866666666666666252e+00 9.529999999999999716e+01
4.900000000000000355e+00 9.562000000000000455e+01
4.933333333333333570e+00 9.537000000000000455e+01
4.966666666666666785e+00 9.546999999999999886e+01
5.000000000000000000e+00 9.564000000000000057e+01
