3.333333333333333287e-02 1.032000000000000028e+01
6.666666666666666574e-02 1.032000000000000028e+01
1.000000000000000056e-01 1.033000000000000007e+01
1.333333333333333315e-01 1.348000000000000043e+01
1.666666666666666574e-01 2.557999999999999829e+01
2.000000000000000111e-01 3.005000000000000071e+01
2.333333333333333370e-01 3.513000000000000256e+01
2.666666666666666630e-01 3.817999999999999972e+01
2.999999999999999889e-01 3.972999999999999687e+01
3.333333333333333148e-01 4.175999999999999801e+01
3.666666666666666408e-01 4.310000000000000142e+01
4.000000000000000222e-01 4.207999999999999829e+01
4.333333333333333481e-01 4.096999999999999886e+01
4.666666666666666741e-01 3.957999999999999829e+01
5.000000000000000000e-01 3.972999999999999687e+01
5.333333333333333259e-01 4.009000000000000341e+01
5.666666666666666519e-01 4.103000000000000114e+01
5.999999999999999778e-01 4.192000000000000171e+01
6.333333333333333037e-01 4.338000000000000256e+01
6.666666666666666297e-01 4.340999999999999659e+01
6.999999999999999556e-01 4.435000000000000142e+01
7.333333333333332815e-01 4.671999999999999886e+01
7.666666666666667185e-01 5.039000000000000057e+01
8.000000000000000444e-01 5.149000000000000199e+01
8.333333333333333703e-01 5.309000000000000341e+01
8.666666666666666963e-01 5.443999999999999773e+01
9.000000000000000222e-01 5.639000000000000057e+01
9.333333333333333481e-01 6.104999999999999716e+01
9.666666666666666741e-01 6.546999999999999886e+01
1.000000000000000000e+00 6.740000000000000568e+01
1.033333333333333437e+00 6.878000000000000114e+01
1.066666666666666652e+00 7.085999999999999943e+01
1.100000000000000089e+00 7.090999999999999659e+01
1.133333333333333304e+00 7.318000000000000682e+01
1.166666666666666741e+00 7.712000000000000455e+01
1.199999999999999956e+00 7.590000000000000568e+01
1.233333333333333393e+00 7.840000000000000568e+01
1.266666666666666607e+00 7.909999999999999432e+01
1.300000000000000044e+00 7.943999999999999773e+01
1.333333333333333259e+00 8.068999999999999773e+01
1.366666666666666696e+00 8.300000000000000000e+01
1.399999999999999911e+00 8.273999999999999488e+01
1.433333333333333348e+00 8.373000000000000398e+01
1.466666666666666563e+00 8.420999999999999375e+01
1.500000000000000000e+00 8.459000000000000341e+01
1.533333333333333437e+00 8.509000000000000341e+01
1.566666666666666652e+00 8.639000000000000057e+01
1.600000000000000089e+00 8.587000000000000455e+01
1.633333333333333304e+00 8.679000000000000625e+01
1.666666666666666741e+00 8.715000000000000568e+01
1.699999999999999956e+00 8.717000000000000171e+01
1.733333333333333393e+00 8.807999999999999829e+01
1.766666666666666607e+00 8.798000000000000398e+01
1.800000000000000044e+00 8.848000000000000398e+01
1.833333333333333259e+00 8.893000000000000682e+01
1.866666666666666696e+00 8.903000000000000114e+01
1.899999999999999911e+00 8.876999999999999602e+01
1.933333333333333348e+00 8.893999999999999773e+01
1.966666666666666563e+00 8.954999999999999716e+01
2.000000000000000000e+00 8.915999999999999659e+01
2.033333333333333215e+00 8.998999999999999488e+01
2.066666666666666874e+00 8.937999999999999545e+01
2.100000000000000089e+00 8.856999999999999318e+01
2.133333333333333304e+00 8.951999999999999602e+01
2.166666666666666519e+00 9.023000000000000398e+01
2.200000000000000178e+00 8.990000000000000568e+01
2.233333333333333393e+00 9.087000000000000455e+01
2.266666666666666607e+00 9.050000000000000000e+01
2.299999999999999822e+00 8.973999999999999488e+01
2.333333333333333481e+00 9.032999999999999829e+01
2.366666666666666696e+00 9.100000000000000000e+01
2.399999999999999911e+00 9.084000000000000341e+01
2.433333333333333126e+00 9.110999999999999943e+01
2.466666666666666785e+00 9.143000000000000682e+01
2.500000000000000000e+00 9.112999999999999545e+01
2.533333333333333215e+00 9.076000000000000512e+01
2.566666666666666874e+00 9.139000000000000057e+01
2.600000000000000089e+00 9.179999999999999716e+01
2.633333333333333304e+00 9.154999999999999716e+01
2.666666666666666519e+00 9.176000000000000512e+01
2.700000000000000178e+00 9.176000000000000512e+01
2.733333333333333393e+00 9.203000000000000114e+01
2.766666666666666607e+00 9.190999999999999659e+01
2.799999999999999822e+00 9.181999999999999318e+01
2.833333333333333481e+00 9.190000000000000568e+01
2.866666666666666696e+00 9.212000000000000455e+01
2.899999999999999911e+00 9.218000000000000682e+01
2.933333333333333126e+00 9.231999999999999318e+01
2.966666666666666785e+00 9.254999999999999716e+01
3.000000000000000000e+00 9.248000000000000398e+01
3.033333333333333215e+00 9.265999999999999659e+01
3.066666666666666874e+00 9.265999999999999659e+01
3.100000000000000089e+00 9.273000000000000398e+01
3.133333333333333304e+00 9.289000000000000057e+01
3.166666666666666519e+00 9.289000000000000057e+01
3.200000000000000178e+00 9.279000000000000625e+01
3.233333333333333393e+00 9.257999999999999829e+01
3.266666666666666607e+00 9.273999999999999488e+01
3.299999999999999822e+00 9.287999999999999545e+01
3.333333333333333481e+00 9.307999999999999829e+01
3.366666666666666696e+00 9.303000000000000114e+01
3.399999999999999911e+00 9.323000000000000398e+01
3.433333333333333126e+00 9.334999999999999432e+01
3.466666666666666785e+00 9.337999999999999545e+01
3.500000000000000000e+00 9.343999999999999773e+01
3.533333333333333215e+00 9.351999999999999602e+01
3.566666666666666874e+00 9.351999999999999602e+01
3.600000000000000089e+00 9.373000000000000398e+01
3.633333333333333304e+00 9.375000000000000000e+01
3.666666666666666519e+00 9.368999999999999773e+01
3.700000000000000178e+00 9.362000000000000455e+01
3.733333333333333393e+00 9.365999999999999659e+01
3.766666666666666607e+00 9.379999999999999716e+01
3.799999999999999822e+00 9.385999999999999943e+01
3.833333333333333481e+00 9.365000000000000568e+01
3.866666666666666696e+00 9.384000000000000341e+01
3.899999999999999911e+00 9.393999999999999773e+01
3.933333333333333126e+00 9.364000000000000057e+01
3.966666666666666785e+00 9.395999999999999375e+01
4.000000000000000000e+00 9.425000000000000000e+01
4.033333333333333215e+00 9.417000000000000171e+01
4.066666666666666430e+00 9.409000000000000341e+01
4.099999999999999645e+00 9.400000000000000000e+01
4.133333333333333748e+00 9.423000000000000398e+01
4.166666666666666963e+00 9.421999999999999886e+01
4.200000000000000178e+00 9.429999999999999716e+01
4.233333333333333393e+00 9.429000000000000625e+01
4.266666666666666607e+00 9.428000000000000114e+01
4.299999999999999822e+00 9.448999999999999488e+01
4.333333333333333037e+00 9.431999999999999318e+01
4.366666666666666252e+00 9.428000000000000114e+01
4.400000000000000355e+00 9.446999999999999886e+01
4.433333333333333570e+00 9.450000000000000000e+01
4.466666666666666785e+00 9.454999999999999716e+01
4.500000000000000000e+00 9.468000000000000682e+01
4.533333333333333215e+00 9.457999999999999829e+01
4.566666666666666430e+00 9.468000000000000682e+01
4.599999999999999645e+00 9.490000000000000568e+01
4.633333333333333748e+00 9.495999999999999375e+01
4.666666666666666963e+00 9.493000000000000682e+01
4.700000000000000178e+00 9.478000000000000114e+01
4.733333333333333393e+00 9.470999999999999375e+01
4.766666666666666607e+00 9.479000000000000625e+01
4.799999999999999822e+00 9.493999999999999773e+01
4.833333333333333037e+00 9.482999999999999829e+01
4.866666666666666252e+00 9.504999999999999716e+01
4.900000000000000355e+00 9.509999999999999432e+01
4.933333333333333570e+00 9.493999999999999773e+01
4.966666666666666785e+00 9.493999999999999773e+01
5.000000000000000000e+00 9.509000000000000341e+01
